00010001
00100010
01000000
00110010
01010001
00100010
01000000
01000010
01010001
00100010
01000000
11010010
01010001
00100010
01000000
11100010
00010001
01100000
00110010
01100000
00011010
01000000
10110011
00011100
01100000
11001010
01000000
10100100
00100010
01000000
01010010
01110000
00010011
00100010
01000000
01100010
01110000
00010011
00100010
01000000
01110010
01000000
10000110
01000000
10010111
10100000
01100001
01110000
01010110
01110000
01010111
10110000
01010010
01000000
00100101
10010000
00010011
00110010
01000000
01011000
01000000
01101001
01110000
00010011
01110000
00010011
10000000
10100001
11001110
01011100
01000000
10100100
00010001
01110000
00011100
10000000
10110001
11001101
00010001
01100000
00010100
00100010
01000000
11010010
01010001
00100010
01000000
11100010
00010001
01100000
00011010
01110000
00010011
01000000
10110011
10000000
10110010
00011100
01100000
11001010
01110000
11000011
01000000
10100100
00100010
01000000
01010010
01010001
00100010
01000000
01100010
01010001
00100010
01000000
01110010
01000000
10000110
01000000
10010111
10100000
01100001
01110000
01010110
01110000
01010111
10110000
01010010
01000000
00100101
10000000
00010001
00110010
01000000
01011000
01000000
01101001
01100000
00010010
10000000
10100001
11001110
01110000
11000011
01000000
10100100
00010001
01110000
00011100
10000000
10110001
11001101
11110000
