00000000
00000000
00000000
00000000
00000000
00000000
00000000
00000000
00000000
00000000
00000000
00000000
00000000
01100101
01100110
01100111
01101000
01101001
01101010
01101011
01101100
01101101
01101110
00000000
00000000
01100101
01100110
01100111
01101000
01101001
01101010
01101011
01101100
01101101
01101110
00000000
00000000
01100101
01100110
01100111
01101000
01101001
01101010
01101011
01101100
01101101
01101110
00000000
00000000
01100101
01100110
01100111
01101000
01101001
01101010
01101011
01101100
01101101
01101110
00000000
00000000
01100101
01100110
01100111
01101000
01101001
01101010
01101011
01101100
01101101
01101110
00000000
00000000
01100101
01100110
01100111
01101000
01101001
01101010
01101011
01101100
01101101
01101110
00000000
00000000
01100101
01100110
01100111
01101000
01101001
01101010
01101011
01101100
01101101
01101110
00000000
00000000
01100101
01100110
01100111
01101000
01101001
01101010
01101011
01101100
01101101
01101110
00000000
00000000
01100101
01100110
01100111
01101000
01101001
01101010
01101011
01101100
01101101
01101110
00000000
00000000
01100101
01100110
01100111
01101000
01101001
01101010
01101011
01101100
01101101
01101110
00000000
00000000
00000000
00000000
00000000
00000000
00000000
00000000
00000000
00000000
00000000
00000000
00000000
