37 49 53 53 53 57 64 70 71 70 73 77 78 75 74 79 88 95 94 85 76 71 66 60 59 68 73 77 88 103 113 115 113 115 123 131 136 137 138 141 140 128 114 103 95 96 109 119 106 83 73 81 73 40 18 19 20 27 46 59 50 34 20 14 24 43 44 46 45 23 19 42 50 38 26 16 10 12 16 15 11 12 16 22 26 24 17 13 14 18 20 22 18 8 4 10 22 39 56 65 71 76 76 70 62 59 56 52 47 40 42 56 74 81 83 79 72 63 52 51 61 71 87 85 73 80 69 17 
51 67 72 72 71 73 80 87 89 91 97 103 105 105 108 112 113 118 120 115 106 96 87 82 88 98 100 98 107 128 145 153 154 158 164 169 172 174 176 172 152 124 102 93 93 95 102 110 105 90 90 109 109 76 51 52 58 66 71 62 41 23 19 31 49 56 52 47 38 22 22 40 45 32 22 18 16 18 19 18 21 23 26 29 31 29 24 19 20 30 32 27 23 16 12 13 19 38 55 63 72 87 104 108 93 77 59 56 64 68 69 78 94 99 99 97 96 95 94 95 95 94 107 106 92 99 84 21 
52 68 74 73 70 70 73 76 78 81 86 92 95 98 106 112 112 115 121 125 119 107 97 97 109 114 111 106 110 124 135 142 149 144 136 134 142 148 141 122 97 79 69 72 77 80 82 86 86 82 84 95 100 92 93 104 105 101 88 56 24 17 26 40 54 41 37 31 19 17 21 21 22 17 19 20 17 17 20 22 25 26 26 24 21 21 23 21 20 31 31 26 29 31 24 16 18 31 43 49 59 79 106 117 107 91 65 51 60 74 77 82 91 87 79 75 78 86 96 105 108 97 100 106 99 88 63 15 
50 66 72 73 70 68 69 70 70 73 75 77 77 82 91 100 106 108 116 125 123 112 104 105 110 114 116 118 123 125 120 114 113 110 103 101 110 116 103 82 73 69 72 80 85 82 78 78 80 86 88 88 90 100 122 133 113 96 88 56 21 33 55 51 43 28 32 34 26 29 32 24 22 17 21 26 22 19 20 20 20 22 22 17 12 12 17 22 25 27 24 27 37 39 32 28 30 33 44 62 80 90 89 86 91 88 66 48 57 81 96 102 100 87 72 64 63 70 81 92 102 109 110 116 122 109 69 17 
47 63 69 71 71 70 70 70 71 72 72 70 70 75 81 87 90 90 97 105 104 96 94 96 99 106 113 115 111 103 93 81 75 88 96 96 97 99 91 82 81 75 74 80 86 84 75 72 81 88 90 88 92 109 129 127 93 70 60 41 29 52 71 55 37 31 38 45 45 48 48 45 41 28 25 28 25 21 20 19 19 22 22 17 9 6 9 17 25 21 19 29 39 43 56 71 70 63 61 68 72 64 46 37 53 67 65 61 78 102 114 117 117 102 88 80 78 79 85 92 100 113 124 129 133 134 96 24 
47 61 67 70 71 71 71 70 70 69 66 64 66 72 76 75 73 76 81 84 81 78 80 86 92 103 109 103 89 77 74 77 82 92 94 91 89 91 90 87 85 81 77 76 78 82 86 93 100 96 93 90 94 106 108 93 74 61 41 34 47 58 55 44 37 39 42 45 48 49 51 52 46 43 51 54 40 25 22 24 24 26 26 20 12 7 8 13 16 13 13 21 27 36 69 104 105 94 78 62 44 27 17 17 35 69 90 96 104 113 116 119 121 108 98 94 89 82 80 83 86 90 113 123 119 129 103 25 
49 62 66 68 70 71 71 70 69 67 62 60 64 70 69 64 66 75 81 79 73 73 77 83 89 92 92 86 78 77 84 94 101 97 89 85 84 86 87 86 84 85 82 75 73 79 90 101 105 101 100 97 92 90 79 60 56 57 41 38 53 53 47 47 43 42 42 45 50 57 61 56 43 46 66 78 64 41 29 25 24 24 23 19 15 14 16 18 17 16 13 13 14 19 42 75 87 80 66 50 33 22 22 32 55 90 110 111 108 107 109 114 110 98 92 93 88 76 68 67 67 70 87 101 102 104 81 20 
52 64 68 71 72 71 71 72 73 69 65 65 68 70 67 65 71 82 87 82 76 77 79 83 85 80 76 76 80 86 91 94 94 94 94 91 84 80 83 88 89 86 79 77 81 84 86 89 94 96 102 99 87 77 67 55 48 40 29 34 50 58 57 53 40 38 45 52 55 62 68 67 60 48 49 62 65 52 38 31 27 25 22 18 18 22 30 35 35 32 28 23 19 16 19 32 46 47 44 35 26 28 44 62 81 97 103 102 103 100 94 92 93 94 95 102 105 94 80 71 68 71 75 97 107 81 46 11 
55 67 71 76 76 73 71 72 72 71 72 74 73 71 72 79 88 90 88 84 82 83 84 81 76 75 76 81 87 91 92 91 90 95 98 91 79 74 80 88 90 88 81 82 90 89 86 90 94 93 95 95 86 73 59 51 44 30 29 45 64 69 55 34 23 29 45 55 53 50 54 63 73 67 53 54 64 57 47 44 35 33 31 30 33 40 46 48 47 50 52 43 27 17 13 13 20 27 34 29 23 38 67 90 102 109 114 112 103 97 100 106 115 128 132 141 151 139 117 98 78 73 75 105 121 85 39 9 
58 68 71 76 78 73 69 67 69 76 79 77 74 77 84 93 101 96 89 86 87 89 88 82 74 76 82 89 95 98 97 96 95 95 92 83 75 75 83 88 85 87 84 86 92 90 89 96 99 93 89 88 81 63 44 34 33 41 58 72 76 68 47 26 23 32 47 57 58 54 53 58 71 85 74 69 78 70 52 42 30 34 39 42 51 61 61 50 46 65 69 49 29 21 15 11 18 26 33 32 31 47 81 114 133 145 160 156 133 126 141 153 156 163 160 169 186 175 145 113 75 60 66 94 118 108 65 16 
60 70 73 78 81 79 75 73 77 82 79 72 77 90 96 97 101 96 91 89 89 88 84 79 78 81 87 96 103 104 100 95 92 89 86 82 81 83 87 86 79 83 85 89 94 93 93 95 91 86 80 70 55 41 36 35 37 56 74 72 60 55 51 46 50 58 68 75 81 81 76 66 67 86 88 80 83 80 61 38 28 32 35 36 46 59 59 49 49 68 59 36 31 33 31 32 37 34 27 30 42 56 85 127 158 174 191 194 181 169 156 143 142 147 150 163 176 155 111 80 59 41 46 64 89 118 95 23 
60 73 77 82 86 87 86 87 89 82 72 73 87 101 102 97 97 96 95 92 88 82 76 76 85 88 93 100 105 104 97 90 86 85 87 90 92 90 84 78 77 84 90 92 94 93 92 88 79 69 57 46 37 37 47 56 56 54 54 50 46 52 62 68 75 81 82 83 90 95 91 78 71 81 91 86 78 78 67 45 35 31 28 29 33 40 46 52 64 67 42 27 39 49 56 63 54 42 29 41 64 70 85 126 166 185 195 199 186 152 119 109 117 130 146 154 134 89 55 49 47 35 35 37 52 98 99 24 
61 78 83 84 85 87 89 89 84 74 74 88 102 105 101 98 100 101 98 91 82 77 77 83 93 96 98 101 101 97 89 84 84 86 91 96 97 92 82 77 83 89 93 91 89 88 85 75 59 42 32 35 47 57 64 64 51 37 37 46 50 55 64 70 74 79 77 73 78 90 97 94 85 77 77 83 83 69 49 35 28 21 23 30 32 35 49 72 93 84 50 41 65 76 72 67 54 55 60 83 104 99 102 133 171 193 185 166 143 106 92 110 130 146 146 119 77 40 32 38 35 31 29 27 34 66 73 18 
64 82 83 81 82 85 85 79 69 72 88 107 112 104 100 103 106 103 95 85 80 81 89 97 102 102 101 97 92 88 84 84 88 92 94 94 92 88 84 86 93 93 90 83 78 79 74 58 41 33 35 46 56 57 51 42 29 28 42 56 61 65 73 77 76 82 87 89 93 98 101 100 94 79 67 84 93 59 26 22 19 12 14 25 35 46 65 86 98 93 70 64 82 86 63 43 46 67 92 116 127 124 132 156 174 175 143 107 90 83 99 132 149 144 109 62 36 31 28 24 29 28 22 22 27 37 39 9 
70 83 80 79 85 90 85 75 72 84 101 110 108 103 101 103 103 95 87 83 86 93 99 103 106 106 102 93 84 81 83 87 91 97 98 93 86 84 90 98 100 92 83 71 65 69 63 44 35 36 40 41 35 27 21 21 26 40 56 65 73 85 85 75 70 73 81 90 94 94 96 100 99 85 83 97 90 53 26 24 25 23 22 28 45 66 78 78 74 76 74 66 58 49 36 30 46 71 102 123 132 139 154 166 157 125 93 73 69 88 123 146 132 93 53 31 28 29 26 24 33 32 26 24 23 21 18 4 
71 79 77 81 91 94 87 82 91 101 105 102 100 102 103 100 93 85 81 86 96 103 102 101 106 106 100 89 81 81 88 92 92 100 102 93 84 84 93 101 103 93 78 63 58 59 50 34 28 24 20 15 14 15 19 28 44 56 58 52 54 63 56 41 38 37 41 50 60 73 90 100 93 85 96 98 77 59 50 44 47 52 54 61 80 97 88 66 56 56 57 50 34 22 24 37 56 80 113 134 145 161 164 145 116 87 74 74 88 121 136 117 82 45 27 27 27 25 29 32 31 33 33 31 26 21 15 3 
67 75 79 87 89 85 84 91 105 110 107 100 98 102 103 97 88 85 88 95 103 106 103 101 105 102 94 87 83 85 92 94 90 99 99 88 82 88 96 99 99 94 77 61 56 49 37 30 29 23 18 18 25 36 48 57 56 46 33 24 21 23 22 18 19 20 20 23 36 56 73 76 67 66 70 69 71 84 89 81 78 75 78 93 119 133 114 80 61 54 38 24 20 20 31 51 71 98 128 151 165 166 144 109 80 71 75 92 121 137 110 64 39 27 25 29 30 28 29 29 27 29 32 31 28 25 17 4 
63 79 87 89 82 77 86 100 106 109 106 102 101 102 99 92 88 93 100 105 107 105 102 101 100 96 92 90 90 91 92 90 87 91 90 85 85 92 96 94 90 89 72 54 46 39 35 41 48 42 43 53 60 65 76 84 71 50 31 23 22 22 20 18 19 20 18 19 31 42 41 36 37 37 33 37 62 92 105 102 98 87 78 86 116 144 137 102 69 51 26 13 13 15 33 64 90 123 145 159 160 133 98 78 66 71 94 123 129 101 60 34 26 24 25 28 30 29 26 24 25 26 27 28 28 26 18 4 
64 83 88 84 80 85 98 108 108 105 104 106 104 97 91 90 95 102 108 109 106 102 101 100 94 91 92 95 97 95 89 87 90 89 89 91 93 94 93 91 89 86 67 44 30 26 32 43 46 39 45 61 65 59 64 75 75 68 58 48 41 37 30 22 17 18 19 21 28 32 23 17 25 22 21 30 51 73 83 91 105 103 86 68 76 103 111 88 54 30 15 18 22 16 31 70 112 143 147 135 118 88 65 65 80 103 123 118 86 49 31 27 25 26 27 26 24 22 23 23 22 23 25 26 27 27 19 4 
65 82 83 83 92 105 111 112 113 105 104 108 102 89 87 95 104 108 109 107 103 100 99 97 92 90 92 96 99 96 89 85 88 86 88 94 96 93 89 89 89 85 69 47 29 20 20 25 25 23 29 37 33 25 26 32 36 48 55 49 41 36 30 21 17 23 26 23 20 19 18 18 19 16 18 28 40 49 57 68 87 105 108 84 57 49 50 43 28 16 12 17 21 19 37 78 119 132 117 94 79 63 63 87 112 118 103 69 41 28 26 24 23 26 27 23 19 18 22 26 24 25 27 29 30 30 22 5 
63 81 85 90 105 119 118 112 116 115 110 102 94 91 93 99 107 107 106 105 104 100 94 91 92 92 93 95 97 95 90 87 87 85 88 91 89 81 76 72 64 58 54 46 35 25 17 12 15 24 28 22 14 12 14 13 13 22 28 27 27 30 27 20 18 24 25 19 13 12 16 20 17 14 17 21 23 26 35 42 44 68 101 110 86 54 34 23 18 18 15 11 10 20 47 81 101 96 84 71 61 67 92 114 109 75 47 35 31 23 19 20 23 28 29 25 21 21 28 32 28 29 33 36 38 40 30 7 
60 86 99 106 113 119 118 113 115 120 109 91 89 101 104 101 104 104 104 106 106 101 91 88 95 97 97 95 93 92 91 91 93 93 93 91 87 79 70 58 39 27 25 27 24 21 17 10 13 25 27 18 13 17 20 21 23 23 23 28 37 42 38 28 19 17 16 15 15 16 18 19 19 21 24 25 22 19 21 23 20 27 61 96 101 78 49 29 18 17 18 25 38 58 73 80 82 78 74 68 77 104 115 94 61 33 23 27 28 22 21 26 29 32 34 31 27 28 33 36 31 32 36 40 44 47 36 9 
63 93 111 118 117 114 113 113 112 108 97 89 96 108 111 107 106 104 102 100 98 96 94 95 99 102 102 98 91 88 90 93 97 98 94 90 91 89 76 56 34 19 20 26 25 25 24 18 15 18 19 19 20 23 25 28 32 31 34 44 54 55 53 50 45 34 24 20 20 20 20 20 21 23 25 26 27 26 21 18 17 11 24 47 58 51 33 18 16 26 50 80 105 119 111 89 80 89 92 102 121 118 83 45 23 21 23 25 25 26 29 31 32 34 35 33 29 29 31 32 31 32 35 37 38 39 29 7 
73 99 115 125 121 112 110 112 108 91 85 95 106 109 111 114 113 108 100 93 91 94 100 104 103 103 102 98 93 90 92 96 97 95 91 89 90 88 72 48 27 24 38 51 50 49 48 42 30 18 15 24 31 29 27 31 35 32 34 36 35 39 48 59 68 58 43 30 21 17 18 20 21 19 15 15 20 26 23 18 18 12 14 17 17 15 11 10 26 61 102 133 149 148 128 101 94 115 130 132 114 71 36 23 16 20 23 24 23 25 27 29 30 31 31 29 26 24 23 24 28 29 29 28 26 24 17 4 
83 106 116 123 122 115 112 109 101 91 91 102 110 111 111 114 114 107 99 92 92 96 102 106 104 97 94 95 96 96 99 101 96 90 90 88 79 72 60 43 35 38 48 52 48 44 46 51 46 29 24 36 43 33 27 33 34 26 25 19 12 20 30 34 47 48 42 31 20 14 16 19 19 19 16 13 16 22 21 17 15 11 13 14 10 6 10 22 51 93 129 150 162 159 139 123 133 150 144 105 57 26 17 18 18 19 20 20 18 18 22 26 26 26 25 24 22 19 17 17 20 21 22 21 18 16 12 3 
91 117 119 113 115 120 113 101 98 102 107 110 111 111 112 112 108 103 99 95 95 98 103 105 99 93 91 95 98 100 103 105 99 89 84 73 57 52 49 45 48 42 34 26 20 20 26 37 44 41 42 50 51 37 29 34 33 24 21 16 11 16 19 14 19 24 27 25 19 15 15 16 18 24 24 19 16 19 21 19 11 7 10 14 15 20 35 54 75 101 129 153 168 167 157 155 160 145 105 55 24 19 26 33 36 29 21 18 15 14 17 21 23 24 25 26 25 24 22 21 20 22 24 25 25 26 21 5 
96 121 117 107 109 116 109 98 103 112 119 118 112 108 110 110 101 97 96 97 100 102 103 101 96 95 98 100 98 95 96 98 93 88 77 57 41 41 43 38 34 23 15 15 19 22 26 28 28 39 49 53 47 34 28 34 40 36 31 25 17 12 12 13 14 17 20 22 22 21 19 19 21 24 23 18 16 19 22 21 13 9 12 23 41 62 79 87 86 94 119 151 171 171 163 150 121 82 47 28 22 26 37 50 53 43 33 29 26 24 23 24 26 28 30 31 30 29 29 28 28 30 32 34 35 36 28 7 
98 113 113 115 112 105 103 106 111 119 124 122 114 107 106 106 100 95 94 99 105 106 101 96 96 101 105 103 96 87 82 77 72 77 73 55 42 41 38 29 20 14 15 22 29 31 30 27 27 43 50 45 35 25 22 29 43 53 56 54 43 23 13 17 19 17 16 18 22 25 25 22 19 19 19 19 21 22 21 19 23 33 46 62 82 95 95 90 88 93 115 146 167 163 136 97 57 34 24 24 25 24 29 38 38 34 31 32 31 27 25 25 26 28 29 28 26 24 22 23 26 29 30 30 28 27 20 5 
94 106 114 123 115 100 103 116 119 120 121 119 114 108 103 100 100 101 102 104 103 101 98 96 98 104 107 104 96 84 73 60 52 64 66 55 46 40 31 22 19 16 17 22 26 27 28 31 39 49 46 33 24 18 17 20 28 43 57 69 70 49 27 20 21 18 16 17 22 24 22 19 19 20 22 23 22 21 23 30 49 72 89 94 93 93 94 100 109 111 127 144 144 122 84 45 26 25 27 25 22 21 24 24 19 19 22 24 22 19 21 24 24 27 29 28 24 21 20 22 25 27 27 25 22 20 15 3 
89 110 118 120 113 107 112 121 124 120 116 115 114 110 103 98 101 109 113 108 98 94 98 102 99 101 103 103 101 92 74 55 46 55 56 50 45 36 24 19 19 18 20 24 26 27 30 33 35 37 28 19 16 16 19 22 19 19 27 45 63 66 49 30 22 21 22 26 28 25 18 15 19 20 21 21 23 33 52 72 86 91 92 90 92 103 121 140 150 141 144 137 102 63 36 20 20 26 26 20 19 23 23 19 17 17 18 18 16 16 23 28 27 30 32 31 27 24 24 25 25 26 27 25 22 20 15 3 
90 117 120 112 110 117 122 124 126 120 114 112 112 110 105 102 108 113 114 108 100 97 102 106 103 100 99 103 109 103 81 57 48 51 49 48 46 35 24 23 23 21 23 27 28 26 26 25 21 20 15 14 17 18 22 26 17 9 11 20 40 66 65 40 23 21 24 27 26 21 15 10 10 11 20 37 55 72 90 101 97 91 94 108 126 144 163 176 168 150 137 105 56 25 18 16 20 23 22 19 19 20 19 18 20 19 18 19 19 19 23 26 26 31 34 31 25 21 21 22 23 25 26 25 22 21 16 4 
93 114 115 111 114 120 125 127 126 120 115 114 111 108 107 112 118 113 107 105 106 107 106 105 102 95 90 94 103 101 82 62 52 48 47 54 57 44 34 36 33 24 19 22 24 22 21 22 22 21 18 19 22 21 22 22 13 9 15 15 23 49 56 35 19 15 14 15 16 15 12 10 14 26 49 76 93 96 94 93 98 111 132 155 172 178 181 172 143 121 98 60 23 14 21 24 28 25 23 21 18 17 18 20 20 19 21 25 27 25 24 26 31 34 35 31 24 19 18 20 25 26 27 27 26 26 19 4 
90 105 111 118 122 122 125 129 125 121 120 121 116 110 114 123 123 112 103 105 110 112 109 104 95 86 81 82 85 82 73 63 52 45 48 61 65 57 51 52 47 32 21 20 22 23 24 25 25 21 17 17 23 26 25 21 14 10 15 15 13 28 40 34 23 14 9 10 11 12 12 22 45 68 87 93 92 93 97 107 130 151 170 183 194 190 164 124 85 64 45 23 7 10 24 34 36 31 26 23 23 23 24 25 26 26 27 28 28 29 31 33 34 35 36 34 29 24 20 20 22 22 23 25 27 27 19 4 
88 109 117 124 128 127 125 122 120 123 126 125 121 120 124 125 117 107 103 108 113 112 108 99 86 85 88 89 82 70 58 51 48 50 55 61 62 58 54 52 50 46 36 25 23 27 28 26 24 20 23 30 32 31 32 33 25 15 15 19 14 15 29 37 30 19 13 12 11 16 34 62 86 91 90 90 95 109 128 148 168 177 184 190 186 158 108 60 32 19 12 8 7 12 26 36 34 31 28 28 30 34 38 39 39 37 33 29 26 28 33 35 32 32 33 34 32 27 22 20 21 20 20 22 25 25 18 4 
90 119 128 130 132 132 123 113 113 122 126 123 121 123 123 117 107 106 111 117 116 108 99 91 86 93 100 97 82 63 47 41 48 57 57 49 43 43 43 40 40 47 45 35 27 25 25 27 31 30 38 46 40 31 36 48 46 35 23 21 19 13 15 22 22 18 16 20 32 52 75 94 98 88 92 115 133 143 155 171 180 182 184 176 140 87 45 22 14 10 11 13 14 15 19 23 23 24 25 27 29 34 41 44 42 41 39 35 31 31 33 35 34 33 32 30 28 26 24 24 25 24 22 22 22 22 17 4 
93 124 135 137 136 130 119 111 116 122 126 125 121 117 114 109 106 113 123 126 115 99 88 87 95 100 97 83 65 52 46 47 52 52 45 35 30 33 41 45 43 43 44 41 30 21 24 36 42 36 32 31 25 23 34 51 61 54 29 15 18 17 10 11 16 19 29 50 73 87 88 87 95 106 124 145 160 167 171 175 179 176 157 117 70 35 18 13 12 12 14 17 18 16 13 13 15 18 20 20 19 22 29 33 32 36 41 42 40 37 34 36 39 36 31 27 26 26 28 29 27 24 21 19 18 18 14 3 
99 126 137 143 138 126 117 118 125 123 126 131 125 114 111 114 117 122 125 120 105 92 89 95 102 100 86 64 48 46 50 53 48 34 26 28 29 33 44 53 50 44 41 38 30 23 26 32 31 31 29 26 27 33 40 45 53 54 35 20 17 14 9 14 26 39 58 76 86 90 95 106 125 143 153 155 164 178 184 180 168 134 89 49 27 17 14 13 9 9 12 15 17 18 17 15 16 19 20 18 15 15 19 20 17 22 29 32 33 31 30 31 34 33 32 31 31 31 32 31 28 26 23 20 17 17 13 3 
104 129 139 144 137 126 122 125 126 119 120 127 124 114 114 124 128 123 114 105 97 94 98 102 97 89 71 51 43 46 50 49 39 20 14 22 27 25 29 36 37 42 42 35 30 28 22 16 18 27 35 43 52 58 53 43 40 43 40 32 21 10 14 28 49 72 82 81 92 118 137 144 151 162 167 168 178 188 180 157 116 67 35 24 19 12 9 12 10 12 13 12 13 16 18 18 19 20 20 17 14 13 13 12 9 11 13 14 15 17 21 23 23 26 30 34 35 34 32 30 29 29 28 25 22 21 16 4 
109 138 143 139 134 133 133 132 127 120 118 119 119 119 122 130 132 114 99 96 101 104 103 97 87 77 60 46 45 50 47 40 33 20 13 16 22 24 24 25 27 36 41 39 36 34 29 24 25 26 31 38 44 47 47 46 40 36 32 23 16 26 47 65 78 87 93 106 132 156 160 153 155 166 174 181 188 178 138 89 50 31 25 25 27 25 24 26 29 35 36 31 29 32 35 37 40 39 36 33 30 27 23 21 22 23 23 21 19 20 23 25 26 27 28 28 27 27 26 25 25 27 29 27 24 22 16 4 
114 148 149 136 133 142 145 139 134 130 123 118 120 127 132 133 127 102 89 98 110 107 95 86 81 70 54 45 47 51 42 29 27 26 24 23 27 35 39 37 35 39 43 45 44 45 49 50 39 26 19 25 32 31 32 36 29 21 17 19 38 70 88 93 101 98 110 139 157 153 151 159 166 171 181 183 162 119 72 36 20 23 26 26 30 38 45 48 52 59 61 59 59 64 69 73 77 75 71 67 63 58 51 47 48 48 46 43 39 37 37 38 39 35 29 23 20 20 22 24 25 28 31 31 28 26 19 4 
118 152 151 137 137 148 153 148 142 135 126 121 124 130 134 131 116 94 89 102 107 96 86 86 84 67 54 50 47 42 33 26 30 44 53 50 45 42 40 36 35 38 40 44 54 60 59 53 43 35 33 38 42 38 31 26 17 15 28 56 84 98 100 107 126 132 135 144 152 150 155 171 178 182 179 152 102 56 31 21 21 24 26 25 25 31 41 45 45 48 51 53 58 65 71 74 75 76 77 78 78 75 71 68 66 62 56 52 49 49 49 48 44 41 35 28 25 25 26 27 26 27 30 33 34 32 22 5 
120 146 146 143 145 151 155 152 142 131 126 129 132 131 130 124 105 97 99 101 93 85 87 95 88 61 52 55 43 26 27 38 49 68 75 67 57 52 46 40 35 27 26 35 54 68 62 46 41 49 60 53 38 34 30 23 30 47 70 91 101 103 117 140 153 154 148 149 158 165 172 181 186 178 145 90 47 36 33 28 31 33 33 30 26 28 34 38 37 37 38 39 43 47 50 52 52 55 61 67 72 74 73 72 68 63 59 56 56 56 55 51 44 43 40 35 30 28 28 27 25 25 28 32 34 33 23 5 
119 138 141 149 154 153 152 149 138 129 129 136 137 131 126 118 103 103 104 96 83 81 88 92 82 58 51 51 35 21 30 47 53 60 56 45 46 59 69 68 50 28 22 29 41 57 60 45 35 41 43 36 28 23 24 36 64 93 101 96 105 128 148 159 156 149 154 164 172 179 184 184 173 132 86 51 33 36 46 51 51 51 49 45 40 40 44 47 48 48 47 47 48 50 51 53 55 57 61 64 64 64 62 60 57 56 55 56 57 55 50 47 46 46 45 41 36 32 30 29 29 29 31 34 36 34 24 6 
115 136 141 152 159 155 146 137 132 134 136 135 133 130 125 118 107 97 95 91 82 81 83 78 69 61 53 40 27 28 36 36 29 23 19 20 30 48 69 82 75 57 53 47 37 40 45 34 24 20 16 19 24 25 43 75 97 108 109 115 134 150 155 155 152 152 167 176 179 188 187 165 125 74 51 55 53 49 59 70 68 67 66 62 57 55 58 59 57 57 58 59 60 61 62 64 67 68 69 69 66 63 60 56 50 48 48 49 49 46 41 37 37 38 41 42 39 35 35 36 35 34 35 36 37 35 24 6 
111 139 147 152 158 155 140 127 133 147 147 134 128 132 132 124 106 83 82 87 81 78 79 71 60 59 50 31 22 29 28 19 13 6 12 27 34 34 45 64 78 80 85 77 60 55 57 45 26 15 13 17 31 58 85 95 100 110 126 146 157 154 154 161 163 169 180 183 183 187 170 126 78 55 55 67 71 71 74 76 76 75 74 72 70 69 70 69 65 66 67 68 69 70 70 71 73 74 74 74 73 72 70 66 60 57 54 53 51 49 45 40 34 32 35 37 34 28 28 31 32 32 32 33 34 33 23 5 
110 143 152 152 153 150 138 130 142 156 154 138 131 136 139 130 103 76 76 82 73 74 82 75 55 45 38 28 19 17 14 12 16 14 25 41 39 25 23 37 54 64 65 62 66 79 89 84 61 38 27 41 68 90 96 96 110 137 150 150 153 159 162 166 172 179 186 187 182 164 124 81 62 62 71 75 74 78 81 79 78 78 77 76 76 76 76 76 77 78 78 79 79 77 76 77 80 80 80 79 77 76 74 73 72 69 65 62 61 59 56 52 46 41 40 40 34 25 24 27 28 27 26 28 30 30 22 5 
114 143 152 153 148 142 141 147 154 152 148 142 136 134 136 133 108 82 76 71 62 73 85 72 46 29 27 27 19 13 14 22 32 33 34 33 26 18 17 21 33 48 37 25 38 54 64 74 76 64 63 81 93 86 92 117 140 156 156 151 154 161 166 172 179 183 185 183 164 121 79 64 68 70 77 81 78 79 82 83 84 83 83 83 82 81 80 80 82 83 84 84 83 80 78 78 82 82 82 81 81 81 80 79 77 75 73 71 71 69 65 61 55 48 47 47 41 33 33 38 35 32 29 28 28 27 19 4 
118 147 154 150 140 137 147 159 158 146 141 145 143 134 132 133 116 90 73 58 53 72 81 62 37 26 25 25 20 21 30 41 50 54 47 32 22 21 21 16 25 48 36 14 15 19 19 28 53 77 91 87 83 95 121 142 149 148 154 166 172 173 179 186 190 193 183 161 126 87 70 76 76 77 82 84 84 86 86 84 88 89 90 90 89 87 85 83 82 83 85 86 86 84 82 81 83 83 83 84 85 86 86 84 81 81 81 81 80 77 72 67 61 55 52 50 43 35 34 39 41 41 39 35 32 29 19 4 
125 158 158 142 134 140 150 154 152 145 141 145 147 139 132 132 122 99 74 52 48 62 66 50 34 29 24 23 32 47 57 56 52 51 47 36 25 23 24 20 22 33 29 15 10 10 16 33 67 93 97 86 97 132 152 150 150 153 165 179 185 186 187 188 191 192 168 127 94 81 83 87 84 87 89 88 89 91 88 84 86 90 94 94 92 90 89 87 85 85 87 88 89 87 86 85 85 84 83 85 88 89 88 86 87 88 88 87 84 79 74 70 67 63 60 55 46 36 28 27 32 39 42 41 39 36 25 6 
130 161 157 143 141 149 151 147 148 147 145 145 145 137 128 125 120 101 76 53 46 54 54 43 35 32 32 43 63 77 71 55 41 33 32 28 19 17 20 22 21 15 13 12 12 20 46 78 99 100 101 115 138 155 156 153 160 170 176 184 189 183 181 190 189 169 133 100 86 88 93 94 95 98 97 94 94 95 93 89 88 92 96 96 93 90 90 90 90 90 89 88 88 89 90 90 87 84 84 86 89 90 89 87 89 90 91 90 87 81 76 72 70 68 65 62 55 44 31 22 20 28 36 42 45 44 32 8 
127 150 148 146 152 156 152 146 147 147 147 145 140 131 121 114 107 97 84 71 66 69 63 48 39 46 62 78 83 72 51 33 25 21 24 25 20 20 24 23 17 13 9 9 24 53 83 100 101 103 120 143 152 151 156 166 174 182 181 182 185 182 181 184 167 128 96 87 90 92 96 102 105 107 106 102 101 101 100 97 96 97 98 97 94 91 91 92 94 94 91 89 89 90 93 93 88 86 86 87 89 89 89 88 89 90 90 90 88 84 79 76 73 70 68 68 65 55 40 27 19 20 28 38 44 46 35 8 
115 135 138 147 156 157 151 146 146 147 149 145 137 130 120 111 109 110 113 111 103 94 76 56 50 65 85 92 78 53 35 27 23 21 28 35 33 30 30 25 15 15 15 26 58 91 99 94 101 118 137 147 148 153 168 180 178 176 173 168 174 187 179 148 118 92 81 86 91 92 98 108 113 115 113 109 108 108 107 105 104 103 102 99 97 95 94 94 96 96 94 92 92 92 93 93 90 89 89 89 89 89 89 89 88 88 89 89 87 85 81 79 76 71 68 69 70 63 50 37 27 21 22 30 37 43 35 8 
110 133 141 150 155 153 151 150 147 147 149 145 137 134 126 115 117 124 135 136 124 105 81 63 66 76 85 81 61 38 28 28 26 23 32 41 37 28 23 20 17 14 30 65 96 104 100 103 122 133 138 141 151 165 173 171 161 151 150 156 169 174 146 102 78 76 82 89 93 96 103 111 116 118 117 114 113 113 112 110 111 109 107 105 103 100 98 97 96 97 97 97 96 94 92 91 92 93 93 92 91 91 91 90 87 87 87 87 86 84 82 81 80 73 68 68 70 67 58 47 36 26 19 22 31 43 39 9 
114 144 153 155 152 149 151 154 151 147 148 143 138 140 133 116 114 122 136 141 131 115 97 82 83 88 84 63 37 23 27 36 34 27 33 40 34 21 13 12 17 35 66 94 100 98 112 132 140 139 137 141 149 155 155 150 144 140 143 160 168 139 95 68 61 72 85 92 98 104 109 112 116 120 121 119 118 119 117 115 116 114 112 111 110 108 104 101 99 99 101 102 100 97 94 93 95 97 97 96 94 93 94 93 90 89 89 88 86 85 84 84 83 77 71 69 70 68 63 54 43 33 21 19 32 52 48 12 
118 152 161 157 150 150 155 159 157 148 146 141 137 143 135 110 100 108 127 137 128 115 100 90 90 87 68 39 22 30 49 57 44 30 31 37 31 21 17 19 34 73 98 97 94 111 136 148 143 141 141 140 137 134 135 138 141 150 161 166 143 92 54 45 47 63 83 98 105 109 113 115 116 121 124 125 125 125 121 118 118 116 115 117 118 115 109 106 106 106 105 104 102 100 99 98 98 100 101 99 96 95 96 97 95 93 92 90 88 87 86 85 84 81 78 76 75 71 66 58 49 43 31 24 38 63 57 14 
119 152 161 158 152 152 158 164 161 151 146 139 136 143 136 108 89 94 108 119 115 99 83 77 79 66 40 22 32 57 68 59 42 26 27 36 32 24 26 41 68 90 96 97 113 136 149 149 145 150 147 139 135 135 138 143 151 169 174 147 98 54 33 27 28 46 76 100 107 107 112 117 118 125 130 132 132 131 127 123 122 120 119 120 121 120 114 111 112 110 108 105 104 104 104 104 104 104 103 101 99 98 99 99 97 96 95 94 92 91 90 88 87 86 85 84 82 77 70 62 55 52 41 32 44 70 62 15 
120 148 158 162 158 153 157 163 161 154 148 140 138 144 140 121 106 100 95 99 101 84 68 66 64 51 33 34 57 74 72 62 51 45 51 56 45 34 44 66 82 85 93 115 139 150 155 157 157 165 158 150 151 152 154 160 167 176 153 106 64 37 23 18 18 29 56 83 97 104 111 115 120 129 136 137 136 135 133 131 129 124 121 121 123 123 119 115 114 112 110 108 107 106 105 106 108 106 103 101 102 102 101 99 97 98 98 97 96 94 93 92 91 89 88 89 90 86 77 68 62 59 48 38 48 72 64 16 
122 147 154 159 158 154 155 158 157 151 147 144 142 143 138 131 131 116 95 92 93 73 57 63 67 55 47 60 74 73 71 71 62 61 63 60 52 49 60 72 72 85 115 139 150 159 167 168 173 174 170 168 170 170 170 176 177 154 110 68 44 29 18 15 18 18 31 55 79 98 105 107 118 128 134 134 135 138 140 140 136 129 124 123 124 125 122 118 116 114 113 112 111 109 108 109 110 107 102 101 102 103 101 100 101 101 100 98 96 94 92 94 95 91 89 90 92 90 85 79 75 69 56 45 54 75 66 16 
126 152 154 154 156 157 156 154 151 144 145 147 145 140 134 132 137 119 97 89 83 60 45 59 75 67 66 66 64 73 72 54 41 37 36 41 52 63 66 64 74 108 141 148 147 158 165 166 176 171 172 175 176 180 185 186 170 124 82 56 37 25 20 20 26 28 34 49 72 92 99 102 112 124 133 137 139 143 146 146 141 135 130 128 128 128 125 121 119 117 116 115 114 112 111 111 110 107 104 102 102 101 100 101 104 104 102 100 98 96 94 95 97 94 90 90 92 93 91 89 88 80 63 51 60 81 69 17 
130 159 160 156 156 159 158 154 148 140 144 148 141 134 133 135 135 119 101 92 79 56 47 60 73 69 66 57 52 63 60 35 31 38 48 55 58 60 62 69 96 133 146 141 143 151 157 166 173 170 174 173 171 182 190 175 141 103 80 60 34 23 24 28 45 58 62 64 73 87 100 107 110 125 139 148 151 152 151 149 146 141 137 135 133 131 127 123 120 119 118 117 116 114 113 112 110 108 106 104 103 101 100 100 102 102 103 105 105 104 101 99 98 95 93 93 95 97 96 95 94 83 64 52 62 83 70 17 
128 160 163 157 153 154 156 154 147 142 146 146 135 129 136 142 139 126 110 94 75 60 61 73 77 74 65 64 59 40 39 53 67 80 90 84 64 51 63 89 115 132 133 131 139 147 155 164 166 167 172 171 173 183 175 142 108 90 79 56 28 21 24 27 49 69 75 74 77 81 92 104 110 125 140 149 152 153 152 150 150 148 144 141 138 134 130 126 121 120 119 117 116 115 114 113 111 110 109 107 104 102 100 100 102 103 107 111 113 111 105 100 97 97 97 99 100 100 98 97 96 86 67 56 67 88 73 18 
124 155 160 156 150 148 151 152 148 145 147 143 133 132 142 147 143 132 113 88 68 61 68 75 74 70 62 61 51 31 48 80 86 88 92 91 79 72 85 109 125 121 124 128 131 140 144 141 141 143 152 164 176 177 150 114 98 91 75 46 24 21 23 24 41 57 66 77 87 83 82 95 110 124 134 139 143 148 152 153 153 152 149 146 141 136 132 128 123 122 121 119 117 116 115 114 112 113 113 110 106 102 100 101 104 105 108 112 115 113 106 99 98 99 100 101 101 101 99 98 97 90 75 65 74 93 77 19 
123 148 155 158 154 148 149 152 150 147 146 140 136 141 146 144 139 133 114 87 69 67 66 58 52 52 49 36 27 33 54 60 55 70 90 100 101 103 111 126 138 135 136 135 135 140 138 128 127 129 140 161 170 150 119 104 105 100 74 42 25 19 18 25 40 49 56 76 92 84 82 97 108 121 130 135 140 147 153 155 156 156 153 150 144 138 133 129 126 125 124 123 121 120 119 117 114 116 116 113 108 103 101 102 104 102 101 105 110 111 108 104 102 102 101 100 99 99 100 100 99 96 84 73 78 95 78 19 
125 148 154 160 161 154 151 151 150 150 146 138 138 146 147 138 133 129 119 96 75 69 60 43 38 41 34 19 15 23 32 38 50 75 92 99 106 115 127 140 152 159 155 149 151 153 149 143 142 145 152 163 151 112 92 104 113 108 80 47 25 13 13 22 35 42 53 78 94 83 79 94 104 120 133 139 144 151 154 156 159 159 156 152 146 139 133 130 129 128 126 124 123 121 120 118 117 118 119 116 111 106 104 103 98 91 88 94 104 109 110 110 106 104 102 99 97 98 101 102 100 97 87 77 81 95 77 19 
126 151 156 162 165 162 155 149 148 152 147 137 138 145 144 136 131 125 123 103 70 55 49 38 34 32 24 23 30 36 47 70 89 90 86 97 117 128 140 156 161 166 161 155 157 159 159 159 161 166 164 156 126 82 76 104 113 100 74 45 24 17 21 28 35 42 63 91 103 93 87 93 104 122 136 141 146 153 154 155 160 159 156 152 147 140 134 131 132 129 126 123 122 121 120 119 119 120 120 118 114 110 107 103 91 78 73 84 99 104 106 108 104 104 104 102 100 100 102 103 100 97 89 83 87 97 77 19 
128 153 158 165 171 169 159 151 148 148 142 136 139 145 144 139 134 127 126 107 68 48 48 49 49 40 38 45 55 73 97 113 108 94 97 121 138 141 149 163 167 167 162 157 158 164 169 172 175 173 160 141 107 70 72 105 112 84 53 34 24 25 33 40 42 50 89 124 124 111 105 103 111 128 141 144 147 153 154 152 153 151 149 148 147 143 138 135 135 131 127 124 124 123 122 121 121 121 120 119 117 114 111 104 89 72 63 76 94 99 101 103 101 102 104 104 103 103 105 106 104 100 94 90 92 100 79 19 
129 152 159 169 174 169 161 155 150 142 136 136 142 147 146 144 138 127 122 103 66 45 46 53 57 54 55 50 54 85 115 116 103 104 127 149 152 152 157 163 172 174 170 167 170 177 182 182 177 166 149 131 104 73 73 101 116 98 66 38 26 34 52 64 68 89 133 162 150 125 109 105 117 132 143 145 148 151 151 148 146 145 144 144 145 143 139 137 135 131 127 125 125 125 124 123 122 122 122 121 118 115 112 106 92 72 58 67 86 94 95 98 98 100 103 104 104 105 109 110 108 106 101 94 94 100 79 19 
127 153 162 172 173 166 161 160 153 142 137 140 144 144 145 147 139 122 109 89 56 34 33 34 31 34 37 41 63 99 113 104 109 136 161 167 165 167 167 167 175 177 176 175 177 179 178 171 160 149 138 129 111 85 75 88 109 123 101 55 34 56 96 122 134 159 175 178 162 127 103 106 120 133 142 145 148 151 150 148 147 145 144 143 143 140 135 132 132 129 125 124 124 124 124 124 125 125 124 123 119 115 111 107 96 75 58 62 80 89 91 94 96 99 101 101 102 105 109 111 111 111 106 99 97 102 80 20 
129 160 170 175 171 164 164 166 157 147 144 146 144 139 143 150 145 127 105 80 52 32 24 21 17 14 19 51 99 123 115 108 129 164 176 171 171 168 168 173 175 174 171 168 167 167 161 153 143 136 132 130 119 95 76 77 97 111 88 46 35 66 117 157 176 188 189 185 166 126 105 114 124 134 142 147 151 154 153 150 148 145 143 142 141 137 132 130 130 128 125 124 126 127 126 126 128 128 127 124 119 114 109 107 101 82 62 62 77 86 88 92 95 97 99 99 100 104 109 113 114 114 109 102 101 105 81 20 
134 168 175 173 169 167 169 168 160 153 151 151 146 140 142 147 145 132 106 74 48 31 20 18 22 20 37 81 120 120 116 133 158 178 177 175 175 163 164 179 177 171 163 156 155 156 153 146 139 133 131 130 120 99 75 69 88 89 63 32 24 44 90 147 182 185 190 191 167 129 113 121 131 138 144 150 153 155 154 150 144 141 139 139 139 136 131 128 128 126 123 123 126 128 128 128 128 128 126 124 119 114 109 107 104 88 68 63 74 82 86 90 93 95 97 99 101 106 114 118 119 116 111 106 108 112 85 21 
137 171 171 164 164 169 168 162 160 156 154 153 151 147 144 139 134 131 104 65 37 22 13 12 22 44 84 116 119 112 128 160 179 182 179 179 177 167 168 176 171 165 157 152 153 155 151 143 135 131 133 133 124 103 73 56 69 77 62 37 21 23 55 114 163 179 179 169 153 134 124 127 134 138 142 147 150 150 148 144 138 136 134 134 134 131 127 124 122 119 117 118 121 123 123 123 123 123 123 122 119 115 112 109 104 92 73 65 72 78 83 87 90 93 96 100 105 113 122 127 126 120 113 111 117 122 91 22 
138 167 161 152 157 167 164 157 158 157 156 155 154 152 146 136 128 129 104 60 33 27 20 15 38 84 118 123 119 127 153 179 185 182 180 177 173 171 168 161 154 154 152 150 152 154 147 136 129 129 135 138 130 110 75 46 49 65 63 46 30 20 28 57 102 141 141 127 132 136 129 126 131 134 138 142 142 140 137 135 133 130 128 128 128 125 120 116 115 113 110 111 116 117 117 118 121 122 121 120 118 117 116 113 106 93 76 69 72 76 81 86 87 91 96 101 107 117 129 136 135 126 117 116 123 129 96 24 
140 164 158 154 158 164 164 161 161 160 156 152 148 146 144 140 132 124 101 61 33 30 28 31 71 122 127 115 131 152 169 186 185 181 179 176 172 169 161 151 145 147 148 149 152 153 143 130 126 130 136 138 134 121 87 51 45 59 68 59 39 24 19 26 52 86 98 101 118 134 129 122 129 134 136 135 133 132 130 129 129 124 121 120 121 118 113 109 110 109 104 105 112 111 112 118 122 123 121 117 116 117 117 115 109 92 78 74 75 77 82 86 86 92 98 102 108 118 129 138 141 133 124 120 124 128 97 24 
144 163 162 166 167 164 165 169 168 162 152 144 139 140 143 143 131 112 94 70 39 26 37 70 110 130 124 125 154 174 180 185 183 179 176 173 169 162 153 148 145 140 141 150 156 151 137 125 125 130 136 137 138 132 103 66 48 55 71 72 53 36 30 33 49 65 76 86 104 123 127 125 130 131 127 121 119 122 126 127 124 118 113 111 111 109 105 100 98 96 90 92 97 97 104 115 117 120 119 115 114 115 113 111 106 88 76 77 80 80 81 83 84 90 97 103 110 120 129 136 139 135 127 122 123 125 94 23 
140 158 162 172 172 161 159 168 174 167 157 148 143 143 144 143 128 97 74 60 41 37 70 116 130 118 125 151 173 185 186 182 181 177 172 167 162 156 150 148 147 139 142 153 153 140 128 126 129 133 138 140 143 141 119 83 51 48 66 83 77 62 52 51 61 66 71 79 92 106 114 116 118 118 113 107 107 114 121 123 119 113 106 102 101 100 97 92 86 80 76 80 82 82 93 109 112 116 118 117 116 116 111 108 101 83 72 77 84 85 82 80 82 85 93 104 117 126 131 134 137 137 133 128 126 126 94 23 
132 155 163 172 173 166 161 164 169 169 166 160 152 145 141 140 132 104 70 39 29 56 100 125 120 113 139 172 179 177 176 174 176 173 168 163 158 155 153 151 150 153 156 153 140 127 126 133 139 141 144 145 147 148 133 101 62 46 58 82 90 83 78 74 69 68 73 82 89 92 94 95 95 99 102 103 105 111 115 116 115 109 102 97 95 94 93 90 84 76 76 83 84 80 87 102 110 116 118 118 118 119 116 112 102 81 69 75 89 94 89 83 81 81 90 107 124 133 135 135 139 143 142 136 134 133 98 24 
126 159 167 171 175 176 171 164 164 168 169 164 152 141 136 137 137 126 101 61 49 88 125 123 118 133 162 180 177 166 164 168 171 170 166 162 159 159 160 158 157 166 165 147 129 125 131 139 144 145 148 149 150 153 146 120 81 55 58 79 91 91 90 85 75 70 74 83 87 85 84 86 88 95 100 103 106 110 112 113 113 108 102 97 95 94 94 94 91 85 88 95 93 86 86 94 106 112 114 115 118 121 121 118 106 81 66 74 95 106 101 91 83 79 88 109 128 137 137 136 139 145 144 138 137 138 102 25 
122 159 167 167 173 180 176 168 168 169 167 160 150 142 139 139 138 132 124 111 110 131 141 132 142 165 177 177 173 165 162 166 168 168 167 164 162 162 164 165 165 168 158 139 130 134 139 140 145 146 149 151 152 157 155 137 104 77 71 81 89 90 87 82 76 72 73 79 84 86 88 92 96 101 102 100 101 105 108 109 109 106 101 97 95 94 94 96 98 96 99 97 88 84 84 88 99 106 109 111 116 122 124 121 107 80 63 75 103 120 115 100 87 80 88 110 129 137 138 138 138 140 136 131 134 139 103 25 
125 158 166 168 172 176 176 175 176 169 161 155 152 149 144 139 134 127 122 137 154 147 136 144 164 179 179 171 168 168 167 167 167 168 168 166 163 162 164 166 165 157 146 138 138 141 143 145 149 149 152 153 152 157 158 148 129 106 91 87 87 90 89 83 80 78 76 77 82 89 92 93 97 100 99 94 94 98 103 104 101 100 98 96 94 92 92 94 99 101 100 84 65 68 79 84 93 101 108 114 121 127 129 123 104 77 62 78 112 131 122 104 90 82 89 111 129 136 139 140 139 137 128 123 131 140 105 26 
132 162 171 177 179 178 180 181 176 166 155 151 152 150 142 133 128 126 127 146 157 140 137 160 172 175 173 168 166 168 169 167 166 169 170 167 163 161 160 159 155 145 140 142 144 143 145 150 153 153 155 154 151 153 154 150 141 124 110 101 97 98 94 87 85 86 84 83 86 90 90 88 90 93 92 89 90 93 96 96 94 93 92 91 90 89 88 90 95 100 97 73 48 54 75 85 92 105 115 124 130 136 139 126 99 73 62 79 117 139 127 106 92 84 91 110 125 133 139 142 139 137 127 122 131 141 105 26 
133 163 173 180 182 180 179 178 170 164 156 150 149 146 140 133 127 128 143 153 147 145 159 173 175 170 167 168 169 169 169 168 168 171 171 167 163 160 155 149 145 142 143 147 149 149 150 153 156 155 154 152 151 152 153 152 146 133 120 112 108 106 100 93 90 90 90 91 91 91 88 86 87 88 87 87 88 90 92 92 90 88 87 87 86 85 83 85 93 99 100 80 54 56 78 91 101 119 134 147 151 155 155 133 99 74 67 81 118 141 128 108 94 88 93 108 120 127 133 138 139 140 131 123 130 139 104 26 
135 166 174 180 182 179 175 171 163 160 156 153 150 145 139 134 133 142 156 153 146 162 181 182 177 169 165 168 172 172 171 171 172 172 169 164 161 159 154 146 143 144 148 152 156 158 159 159 160 158 156 154 152 152 152 152 148 138 126 120 117 114 110 105 101 99 97 95 93 91 89 88 88 88 87 86 87 88 89 89 87 85 84 83 82 81 80 82 88 93 100 89 68 66 82 95 112 135 157 177 182 182 175 145 108 84 77 88 121 141 125 106 95 91 97 110 120 125 128 133 140 142 131 119 122 134 106 26 
140 169 175 181 183 179 173 167 160 156 155 155 153 148 139 134 142 159 158 145 149 172 187 186 181 174 170 171 173 171 169 170 171 168 163 159 159 160 157 151 148 150 155 160 165 168 169 169 167 164 161 158 155 153 152 150 147 140 132 127 124 122 117 113 111 109 107 104 101 98 95 94 93 92 90 88 88 88 88 88 89 89 89 86 83 81 81 82 83 85 90 85 71 67 75 87 111 137 161 184 191 192 186 155 118 91 85 98 129 144 124 104 94 94 102 114 123 128 131 134 135 134 124 113 116 133 110 27 
142 170 176 181 183 179 172 167 161 155 152 151 148 143 137 137 152 167 157 147 162 181 186 188 187 181 176 175 173 168 164 164 164 160 157 157 161 163 161 157 156 158 163 167 171 174 175 175 173 170 167 163 159 156 153 151 147 142 137 133 130 127 121 118 119 121 122 122 120 115 111 109 109 107 103 100 97 95 94 95 99 101 99 95 90 86 85 86 86 83 83 80 71 65 67 80 108 131 147 163 169 176 181 161 127 96 90 107 140 151 128 106 93 99 111 120 123 124 126 127 125 121 117 113 118 137 114 28 
141 170 176 180 181 177 171 168 164 155 149 145 140 135 136 145 162 168 157 161 181 188 184 188 187 183 180 178 173 166 162 161 159 156 157 160 163 163 160 160 164 167 170 173 175 176 176 177 177 175 173 169 165 161 158 156 153 150 147 144 140 136 131 129 132 137 143 148 148 144 138 135 136 134 129 123 118 115 112 112 114 113 111 107 103 100 98 99 99 93 87 84 77 70 74 92 121 140 148 154 154 163 175 163 132 96 87 105 138 147 124 104 95 106 119 123 119 115 113 117 122 116 112 111 118 140 118 29 
139 171 178 181 179 173 168 169 170 162 155 149 141 138 147 160 166 164 160 172 188 184 178 183 182 180 179 178 174 168 165 165 164 162 164 166 164 160 159 163 170 173 176 177 178 177 176 177 179 178 177 175 172 169 165 164 163 162 160 158 156 153 151 150 153 160 168 175 177 174 169 167 167 165 160 154 149 146 143 141 136 132 128 126 125 122 119 115 112 106 100 96 89 80 87 114 148 166 170 172 168 171 177 159 123 85 74 89 116 122 105 99 104 111 114 113 113 115 117 119 118 105 99 95 100 130 117 29 
140 174 182 182 175 166 163 166 170 166 162 156 146 143 158 171 166 165 169 178 183 179 178 181 180 179 179 179 174 167 164 166 169 169 170 170 165 161 165 172 177 179 181 182 182 181 179 178 179 180 180 180 179 176 174 171 169 169 169 169 169 170 172 174 179 185 191 197 199 199 197 195 194 191 188 184 180 179 178 177 172 163 155 153 152 149 141 133 130 128 122 116 105 92 101 133 167 180 182 187 185 184 180 152 111 76 67 78 96 101 96 105 114 113 107 105 111 115 110 99 85 71 68 63 66 105 107 26 
141 174 182 181 172 162 158 160 162 160 160 154 145 147 162 171 167 174 184 186 182 181 183 184 183 181 179 177 172 166 163 164 170 172 173 170 165 165 174 181 181 183 184 184 184 183 183 182 180 180 180 181 181 180 179 176 171 169 171 176 178 178 184 191 197 201 203 204 205 206 206 206 206 204 202 202 202 203 204 204 201 194 186 183 181 175 165 157 157 157 152 143 129 116 124 150 171 177 178 184 186 186 178 150 112 79 73 83 95 102 107 117 117 114 108 102 97 87 68 50 38 32 35 31 36 82 96 24 
141 171 178 178 172 162 157 157 157 155 155 150 147 157 167 167 168 181 191 189 183 183 185 185 184 181 178 174 170 167 165 165 168 172 172 168 166 171 179 183 183 185 186 185 184 184 185 186 184 181 178 178 179 180 180 178 174 170 173 180 181 180 188 198 197 192 182 176 178 184 187 190 195 196 197 201 204 206 209 210 209 208 207 207 206 202 196 190 189 188 183 172 159 149 152 162 168 169 171 174 174 176 170 149 117 83 81 95 103 110 116 117 113 107 96 79 59 40 28 22 20 21 25 20 24 65 81 20 
139 168 174 176 174 167 162 159 153 149 143 144 154 164 168 168 172 183 190 187 182 182 182 181 180 178 176 173 172 171 171 172 172 174 172 168 168 175 181 183 183 185 187 186 185 185 187 189 187 184 180 179 179 178 176 174 174 175 175 176 178 183 189 187 167 143 123 116 126 147 158 163 172 175 179 184 188 191 192 194 198 200 203 206 209 212 214 213 211 211 206 194 178 167 161 159 156 155 158 157 155 156 151 134 106 82 86 101 105 110 115 111 102 82 60 42 29 23 22 26 30 30 30 26 24 44 56 14 
139 169 174 176 176 171 168 163 154 146 136 144 163 166 165 173 178 184 186 183 181 181 181 179 178 177 176 175 175 176 177 179 180 178 172 169 172 179 183 183 183 186 188 189 188 187 189 190 189 187 184 182 180 177 172 168 169 174 172 169 176 182 169 142 109 86 79 82 97 124 140 141 152 157 162 166 168 168 167 169 174 175 176 178 183 190 197 202 205 205 199 186 170 157 151 147 142 139 140 137 132 131 126 112 95 83 89 99 103 108 108 97 80 57 38 30 30 30 28 28 30 29 30 35 31 30 35 8 
140 171 176 176 176 173 170 167 159 150 145 156 169 169 170 178 184 185 184 183 183 183 182 180 179 178 177 177 177 179 180 183 184 178 171 169 174 180 182 181 182 185 187 189 188 188 189 190 189 187 186 184 182 178 172 169 173 174 170 168 169 154 114 75 59 59 77 88 93 111 125 126 138 147 153 155 154 153 149 148 151 150 148 148 151 156 162 167 170 167 160 149 140 134 134 135 132 129 127 122 116 113 107 97 93 91 97 102 103 101 87 64 48 37 31 30 27 22 19 20 24 27 27 35 37 29 25 6 
142 175 179 177 175 172 167 163 158 150 158 167 168 171 179 184 188 186 184 185 185 185 184 183 182 181 179 178 178 179 180 182 183 176 169 169 175 180 180 179 179 183 187 189 188 188 189 190 188 186 185 185 185 182 176 175 177 170 166 162 146 109 63 34 37 52 78 91 93 104 114 116 125 136 144 145 145 145 142 140 141 139 137 135 134 136 137 137 134 131 127 121 118 118 120 123 122 119 118 115 110 109 105 97 99 105 109 103 90 74 52 33 26 23 22 21 18 14 16 22 29 35 29 31 38 31 21 5 
142 177 182 178 174 169 161 154 150 150 165 172 166 173 185 187 188 185 184 186 186 184 184 185 184 183 181 179 179 179 179 180 180 173 168 171 176 178 179 179 179 183 188 191 191 191 191 191 190 188 186 186 186 185 181 179 175 163 156 144 112 68 38 29 34 51 71 87 100 106 105 103 108 121 131 133 134 138 138 135 134 132 130 129 128 127 127 124 118 117 118 117 116 115 114 113 111 110 110 109 108 112 110 104 106 109 100 79 53 35 27 24 22 19 18 20 21 21 22 25 30 36 30 28 36 36 24 6 
139 175 181 178 174 169 159 148 148 159 170 172 170 175 183 186 183 181 182 186 185 182 182 185 184 182 180 178 178 179 180 180 177 171 170 176 179 179 180 181 181 186 192 195 195 195 195 195 194 191 188 187 187 187 185 182 173 155 138 117 82 44 25 24 34 53 64 80 101 101 92 92 100 115 123 122 123 128 129 128 129 127 124 121 121 121 122 122 120 118 117 116 114 112 110 108 105 103 104 103 104 109 109 101 94 84 64 43 27 17 19 24 19 16 18 23 25 23 22 24 28 31 31 31 33 36 27 6 
138 173 178 176 174 169 157 148 155 172 175 173 177 180 181 183 179 178 182 185 183 180 181 184 183 183 180 179 180 180 181 181 176 171 171 177 181 180 180 182 184 188 193 197 198 197 197 197 196 193 192 191 189 187 187 183 165 136 115 95 66 38 22 20 31 51 56 72 99 100 89 92 100 112 118 116 116 119 120 121 124 123 120 117 116 117 120 122 122 118 113 109 107 107 107 105 100 100 103 102 99 98 92 80 64 48 32 26 24 20 18 20 20 19 20 22 21 20 21 26 30 29 32 33 31 31 24 6 
138 169 173 173 171 164 154 152 166 179 178 176 183 186 183 182 180 181 184 185 183 181 181 183 184 184 183 182 182 183 183 181 174 171 172 177 181 181 179 180 186 189 193 197 199 200 199 198 195 192 195 196 190 186 188 182 152 110 91 73 49 35 32 37 44 57 62 82 111 110 93 91 97 104 109 109 108 109 110 112 116 117 117 114 111 111 114 116 115 111 107 105 104 104 102 100 97 98 99 95 85 73 59 46 36 28 22 22 24 23 21 23 26 24 22 22 23 25 27 30 33 31 32 33 31 30 22 5 
138 167 176 178 169 155 152 163 177 180 176 178 187 189 182 178 178 181 185 185 183 182 182 184 185 181 185 186 182 185 183 168 157 160 167 174 178 180 179 180 186 190 195 199 200 200 200 200 199 196 197 196 191 190 191 178 136 91 74 54 32 29 43 59 60 70 86 115 133 114 90 86 89 93 98 100 99 99 99 101 106 109 110 108 105 104 105 106 102 99 98 98 98 97 94 95 98 93 82 67 52 37 26 21 21 20 19 19 21 24 26 27 25 23 22 24 28 32 33 34 37 36 35 35 35 32 22 5 
142 168 177 182 172 157 160 176 184 179 174 182 193 189 178 174 176 179 183 184 183 183 184 186 185 178 186 188 183 184 169 135 118 126 142 156 164 170 174 178 181 187 194 198 198 197 198 201 204 202 199 194 192 197 193 166 117 82 71 52 33 38 60 83 86 95 118 147 144 103 76 77 81 87 94 97 97 96 95 96 101 104 105 104 102 101 101 101 97 94 91 91 91 91 90 87 81 69 53 36 25 19 18 19 21 20 20 20 22 25 27 27 25 25 26 29 31 33 33 34 36 35 35 35 35 32 22 5 
144 169 172 175 173 167 170 179 182 177 177 190 198 189 176 173 175 179 183 185 184 184 185 187 185 181 186 191 189 174 135 91 73 82 100 119 134 146 156 162 166 175 185 189 189 189 192 197 202 203 199 191 192 196 183 147 102 76 65 44 32 46 79 113 124 127 135 141 120 78 58 66 73 80 89 94 95 94 93 93 94 96 98 99 98 97 97 96 94 92 91 90 87 82 75 64 47 39 32 26 23 23 25 27 29 28 25 23 22 23 23 25 28 29 30 31 31 31 30 28 27 27 28 29 29 28 20 5 
147 178 177 172 174 179 181 179 175 177 184 196 199 187 176 175 176 180 184 186 186 185 187 187 186 187 185 190 189 151 93 56 48 53 66 82 99 113 124 131 137 149 161 169 173 178 185 190 192 196 195 190 190 189 165 123 86 69 56 31 21 33 62 96 115 122 120 107 81 54 47 55 63 71 81 87 90 90 90 89 87 87 90 92 93 92 90 89 88 87 84 79 70 57 43 33 27 26 26 27 27 26 25 26 30 29 26 23 20 19 19 22 27 29 30 30 29 29 29 27 23 23 24 25 25 24 18 4 
135 176 185 180 181 185 183 174 171 180 190 196 195 184 178 179 180 183 187 188 187 186 188 188 189 192 185 185 173 120 64 45 48 50 54 61 71 80 88 95 103 113 125 136 146 156 166 172 175 182 187 188 187 179 148 104 73 68 62 37 22 22 27 46 67 79 80 67 51 43 43 48 60 69 78 85 88 89 90 90 88 88 89 91 92 90 85 84 86 77 63 50 39 31 23 20 21 22 23 24 24 24 24 24 24 23 21 20 19 19 20 22 25 26 26 25 24 26 30 30 25 26 27 27 24 22 16 4 
105 142 164 179 187 186 175 167 174 187 192 190 188 183 180 182 184 187 190 190 188 187 188 189 191 191 187 177 144 90 57 56 58 60 59 56 53 54 60 66 73 78 86 96 107 117 126 134 143 152 163 169 169 157 126 89 69 71 66 40 27 24 17 22 30 36 39 33 28 36 48 57 66 73 79 83 85 87 88 89 89 87 86 86 84 79 72 68 67 55 37 23 18 19 22 24 22 21 20 20 22 23 25 25 23 22 22 22 23 24 27 27 26 25 24 21 19 22 28 29 24 25 28 27 24 22 16 4 
93 119 130 153 179 182 173 172 182 192 192 185 182 180 180 182 185 189 192 192 191 190 189 191 195 190 187 164 110 63 55 66 68 68 68 63 49 39 43 51 53 54 56 62 70 77 83 91 103 111 123 132 132 121 95 72 71 75 63 36 28 28 21 22 21 18 19 22 26 37 50 57 62 68 73 77 78 79 79 78 76 73 70 67 63 56 48 41 34 27 20 17 17 18 21 24 25 25 24 23 23 23 23 23 23 26 29 30 29 28 28 27 26 26 24 20 17 18 23 24 18 22 27 28 27 27 20 5 
94 119 120 141 175 179 171 178 187 192 191 185 180 178 180 183 185 189 192 193 194 193 191 193 197 190 182 147 91 61 61 67 70 67 74 76 58 38 34 37 35 35 38 42 45 48 53 61 70 76 84 91 90 80 62 53 66 71 56 35 30 29 24 25 23 16 14 20 29 37 40 40 45 52 58 61 63 64 62 58 54 50 46 42 38 33 27 21 15 14 17 20 21 20 21 23 25 27 28 28 27 26 27 26 26 32 38 39 34 27 23 21 20 21 22 20 18 18 20 20 17 22 29 32 32 33 25 6 
90 117 135 162 182 181 177 183 191 192 190 185 181 180 181 184 186 189 192 194 193 190 189 190 193 191 169 121 85 85 89 79 70 67 75 79 68 50 33 22 20 19 22 27 30 31 34 40 48 54 59 59 54 46 38 38 52 60 50 35 31 28 25 24 20 16 14 18 23 27 27 27 30 35 38 39 40 41 39 36 35 32 27 24 23 21 18 15 14 16 21 25 26 24 26 28 27 30 33 34 34 34 36 37 38 41 41 37 29 23 21 21 21 24 27 29 29 30 32 33 33 38 42 43 42 41 30 7 
87 114 154 185 186 184 188 191 195 191 186 183 182 184 185 186 188 188 191 194 191 185 188 192 190 184 147 97 77 90 101 96 87 83 78 70 65 64 50 32 25 15 10 15 21 23 21 23 32 41 44 39 29 23 24 28 37 48 45 35 30 27 25 23 18 18 20 21 21 20 20 21 25 28 28 27 28 30 29 28 29 26 21 19 19 19 18 18 19 20 24 27 26 24 26 28 27 30 35 38 38 38 40 42 43 41 38 35 33 34 37 39 41 44 47 49 50 53 58 61 62 64 65 64 62 60 45 11 
87 126 169 189 182 183 192 194 196 189 182 179 182 186 186 187 189 187 191 196 192 187 192 200 195 166 120 87 81 83 90 99 101 102 94 73 57 60 63 54 38 24 16 13 13 14 14 16 19 25 28 23 14 11 15 19 24 35 39 34 28 24 23 21 18 19 21 22 21 18 14 13 17 21 22 21 23 26 26 26 29 26 22 21 22 23 23 22 19 19 22 25 25 24 27 30 31 35 40 42 42 43 44 43 40 40 42 46 50 53 53 52 51 52 53 54 55 59 64 67 66 67 67 67 67 68 52 13 
97 151 180 182 179 185 193 196 195 186 178 177 182 187 187 187 189 188 192 197 196 194 198 204 189 147 106 91 90 83 85 98 102 106 108 95 71 56 53 50 46 42 37 27 16 11 11 14 12 15 18 17 14 12 12 13 16 24 31 30 24 22 21 19 18 17 18 21 23 21 15 10 13 18 21 22 23 25 23 21 23 21 20 22 25 28 30 28 25 25 28 33 35 37 42 47 47 49 52 52 50 48 48 46 43 43 45 48 50 49 46 44 46 47 48 47 47 49 53 55 54 54 54 57 59 61 46 11 
115 174 186 177 182 192 196 198 193 185 179 179 184 188 188 188 190 192 195 197 199 201 201 195 171 137 111 103 101 95 92 95 97 93 102 111 101 81 64 56 54 47 41 38 33 26 18 15 14 15 17 18 18 17 14 13 15 17 23 24 19 19 19 16 15 14 16 22 26 26 21 17 20 25 29 29 29 29 26 22 20 19 21 25 30 34 35 36 40 40 41 42 41 39 43 48 49 50 50 48 45 43 44 45 46 47 47 47 46 46 46 47 50 52 53 52 50 51 53 55 55 55 56 59 61 62 46 11 
130 181 185 178 187 196 199 200 193 187 183 184 188 191 191 191 192 196 196 195 199 204 199 180 147 117 106 110 114 118 112 101 96 89 97 110 111 106 100 91 77 63 53 48 43 36 30 26 23 22 21 20 19 17 15 16 18 13 16 18 15 17 18 12 9 12 17 22 26 29 29 28 28 30 31 30 32 35 34 32 32 32 35 40 43 43 41 41 44 43 42 40 36 33 35 41 47 48 45 41 37 36 37 41 47 50 51 49 46 46 49 52 52 54 56 55 53 52 53 54 53 53 55 59 62 62 45 11 
139 176 180 182 191 196 198 197 190 187 187 188 191 193 194 193 193 198 198 194 197 206 191 151 107 83 88 105 117 130 131 120 113 104 104 109 111 115 116 112 111 106 98 84 66 54 52 52 45 39 33 28 26 27 28 29 26 18 19 21 20 24 25 20 20 25 32 35 36 38 41 40 34 36 35 32 33 38 40 41 43 43 43 45 46 44 41 38 37 34 34 34 33 34 38 42 43 43 41 38 36 36 38 39 39 41 41 39 36 36 38 41 42 43 45 46 46 46 46 46 45 45 48 53 57 58 42 10 
144 172 178 188 196 197 196 194 188 187 188 189 191 193 195 194 191 194 199 194 194 203 176 118 76 66 75 94 117 135 136 129 128 119 119 120 118 120 120 116 123 130 133 127 114 102 96 92 81 70 59 51 47 44 40 36 30 27 28 31 33 34 32 30 32 35 38 39 39 39 40 38 34 37 35 28 26 30 32 31 29 26 26 28 28 27 26 26 25 23 22 23 26 28 30 30 29 32 34 34 35 38 40 38 32 29 27 25 26 27 28 30 32 32 32 35 39 42 42 43 46 48 51 55 57 56 40 10 
142 169 179 192 198 195 192 191 188 187 189 190 192 194 195 195 194 194 195 192 192 191 155 98 68 62 68 89 118 138 138 132 132 127 134 137 128 123 125 124 126 134 143 145 140 135 133 130 124 117 108 101 93 84 73 64 59 58 57 57 55 50 44 41 43 42 40 38 37 36 36 34 32 34 29 20 18 21 21 16 10 8 9 12 13 12 12 13 14 12 11 14 18 21 20 19 23 29 30 27 26 29 33 35 34 33 33 33 35 37 37 36 35 34 34 37 41 44 45 45 48 52 56 58 57 55 40 10 
135 167 182 194 198 193 189 189 189 190 191 192 193 194 194 196 198 196 191 191 192 173 127 84 66 59 69 95 124 139 140 137 138 142 152 151 133 118 117 119 117 114 113 117 123 127 126 126 130 133 135 137 137 134 130 125 119 115 112 109 105 101 96 93 92 90 86 81 76 72 68 65 63 64 59 53 52 52 47 38 31 29 27 24 21 19 17 16 15 10 7 9 15 19 18 16 20 27 28 23 17 17 20 23 26 30 36 42 45 47 48 48 46 44 43 44 45 46 45 42 38 43 49 52 51 51 39 9 
133 169 187 198 199 193 189 189 189 190 190 191 192 192 192 194 199 197 190 193 192 155 102 72 63 59 76 108 134 142 143 141 141 158 165 145 113 92 85 82 73 63 57 63 75 83 81 81 90 97 103 110 117 125 133 138 138 135 133 133 135 137 137 136 134 135 135 134 132 130 127 125 124 123 120 116 115 114 106 96 92 91 88 80 71 63 55 50 45 34 24 20 20 21 17 12 12 17 19 16 14 14 14 12 12 16 23 27 29 31 34 36 36 37 38 40 41 42 41 38 35 40 46 47 44 43 33 8 
135 175 192 200 200 194 190 189 189 189 189 189 190 191 191 192 195 197 193 197 188 139 86 64 58 61 85 120 141 143 143 144 149 168 156 110 68 50 44 39 32 29 28 30 35 39 41 43 46 49 53 58 65 74 84 94 103 105 106 109 112 113 112 112 115 118 121 127 134 141 147 150 150 150 150 149 149 144 135 127 128 134 136 130 123 118 111 104 98 88 78 71 64 57 47 36 28 25 20 17 18 20 18 13 11 12 14 13 12 14 19 22 20 22 24 27 31 34 37 39 41 46 49 47 41 38 29 7 
141 180 194 199 198 195 192 189 188 189 189 190 191 192 193 193 195 198 198 195 173 122 77 61 57 67 94 125 140 141 144 153 164 167 130 70 32 23 23 23 21 19 20 22 25 27 26 24 23 25 28 32 36 39 40 44 53 59 67 74 78 76 70 68 74 75 76 81 90 102 113 119 118 122 128 134 137 136 131 127 128 134 133 127 125 129 132 131 129 129 129 128 123 115 104 96 90 79 65 54 52 52 47 40 36 32 27 21 18 19 23 26 27 27 27 26 25 26 29 30 29 33 36 37 37 38 30 7 
147 185 193 195 195 194 191 188 188 189 191 193 194 196 197 197 197 201 202 188 152 105 73 61 62 80 108 131 140 143 152 165 170 146 92 42 20 14 17 22 20 17 16 18 23 26 23 20 22 22 23 28 32 32 27 24 25 29 36 44 51 53 52 52 56 57 58 60 64 69 73 75 75 76 80 85 91 98 107 111 113 121 122 115 114 121 125 126 128 133 138 140 139 136 134 134 135 130 120 112 108 106 100 93 88 80 70 62 58 56 55 57 61 60 55 49 44 43 46 45 38 40 44 49 55 61 48 12 
151 186 191 190 191 191 189 187 189 191 193 195 196 197 198 200 201 202 199 173 127 89 70 63 71 94 119 136 144 150 162 172 156 108 55 26 17 11 11 16 16 19 22 23 23 23 26 29 27 25 27 34 39 38 33 31 32 29 27 28 32 36 39 43 47 52 56 60 61 59 55 53 54 53 51 48 46 49 55 60 67 81 92 96 101 108 111 113 120 124 127 125 123 122 126 127 124 127 131 131 131 130 127 124 122 117 112 109 109 108 107 107 108 107 104 100 97 98 102 104 101 100 101 103 107 109 82 20 
152 186 189 187 188 189 189 189 191 192 193 195 197 198 198 201 203 194 181 148 102 74 65 64 80 106 130 139 145 159 170 160 118 63 29 19 14 13 15 14 13 17 25 29 27 23 27 32 28 26 31 40 44 41 37 39 43 38 33 31 30 31 35 40 43 47 50 53 53 49 43 39 39 41 39 33 28 25 22 21 28 34 42 50 57 63 69 75 84 91 97 100 102 104 109 109 103 107 111 111 109 108 109 110 110 112 116 120 124 127 130 131 130 131 134 136 137 139 141 143 145 144 142 140 139 137 102 25 
151 185 188 187 189 190 190 191 195 193 193 195 199 201 200 199 194 175 153 122 83 58 57 68 90 116 139 140 145 172 173 128 68 29 18 18 14 17 21 17 15 17 24 30 29 24 23 27 29 27 30 37 39 37 36 38 39 37 37 38 38 38 41 44 42 41 39 37 35 31 28 24 22 24 24 20 19 19 16 14 17 15 17 20 22 23 28 32 36 43 51 58 64 70 75 77 76 80 84 84 82 81 85 90 95 101 108 113 117 121 125 127 126 128 133 137 140 142 143 143 143 141 137 133 132 131 98 24 
149 183 188 188 190 192 192 193 196 195 195 198 199 196 188 178 166 153 129 101 75 56 53 71 99 122 143 150 160 174 148 89 42 22 22 22 16 18 20 16 15 18 25 30 29 25 23 27 32 29 27 30 33 34 35 36 35 35 38 42 42 38 37 37 33 30 27 24 21 19 19 19 20 23 22 19 18 18 15 13 15 14 16 19 19 18 21 22 18 20 24 26 28 29 32 35 41 51 62 71 77 83 90 96 101 107 112 116 119 121 124 125 125 127 130 133 135 136 137 137 136 134 131 126 120 115 84 21 
147 182 188 189 192 194 194 194 196 197 198 196 189 176 160 147 141 139 109 76 65 63 65 82 112 131 148 169 175 145 93 50 28 22 23 20 17 24 28 22 18 19 23 26 28 28 29 31 33 30 29 30 33 36 37 38 37 36 38 40 37 30 26 25 24 24 23 21 19 18 20 21 22 22 22 21 20 19 18 19 23 24 26 28 25 20 18 18 15 15 15 16 18 23 30 37 46 56 70 83 93 101 108 111 112 115 120 123 123 124 125 127 127 127 127 128 128 127 127 127 128 128 126 120 111 102 73 18 
147 181 188 191 194 196 195 195 197 196 191 181 168 154 142 136 135 126 89 56 53 64 80 106 135 154 167 174 152 94 43 21 14 14 15 15 19 29 32 28 25 24 23 23 26 30 33 33 32 32 33 36 40 42 41 39 38 35 33 32 27 21 18 18 19 22 24 24 21 19 20 20 17 16 17 19 21 22 24 26 29 30 32 32 26 17 14 17 20 20 22 27 35 49 65 78 87 94 102 108 111 112 112 113 114 117 121 122 121 121 122 124 126 126 125 125 124 124 124 124 124 123 118 110 101 95 70 17 
147 181 189 192 195 196 195 195 194 185 172 159 149 143 140 139 129 103 73 58 57 67 93 129 160 177 176 144 91 45 20 11 12 15 17 21 27 30 28 26 31 31 27 24 27 31 32 30 31 34 36 39 42 43 38 34 32 28 26 25 22 18 17 18 20 24 27 25 20 17 17 20 23 21 21 22 22 21 23 25 26 23 21 19 16 18 27 37 43 50 59 70 79 88 97 105 113 116 119 121 120 118 116 115 117 120 124 125 123 122 123 125 128 129 129 129 130 132 134 135 135 129 118 103 91 86 65 16 
147 182 190 193 196 196 194 191 182 166 150 142 143 145 143 135 113 80 64 66 70 85 116 150 176 178 145 87 39 19 16 16 18 21 24 29 33 30 26 28 31 33 31 29 32 35 32 29 32 35 35 34 35 35 30 25 26 23 23 24 22 19 18 20 23 26 27 23 18 17 20 26 30 26 23 23 19 15 15 18 19 18 19 22 26 37 55 70 76 86 98 109 114 116 118 118 118 118 120 121 122 122 122 122 123 127 130 131 130 129 130 131 133 132 132 133 135 137 140 141 139 133 122 104 89 81 60 15 
111 137 143 145 147 146 145 140 128 114 103 102 109 111 105 95 77 53 45 48 55 77 105 124 135 126 81 34 14 8 10 16 16 17 18 22 23 19 19 22 21 23 24 25 28 30 26 22 25 26 24 21 21 21 17 14 17 16 17 19 18 15 13 14 18 20 19 16 13 14 19 23 22 18 16 16 14 11 12 13 12 16 25 34 41 49 60 70 76 81 85 88 90 92 94 94 90 88 89 90 92 94 95 94 94 97 99 100 99 98 99 100 101 100 100 100 100 102 104 103 100 99 95 85 74 66 47 11 
