0 0 0 0 0 0 0 0 0 0 0 0 0 0 0 0 0 0 0 0 0 0 0 0 0 0 0 0 0 0 0 0 0 0 0 0 0 0 0 0 0 0 0 0 0 0 0 0 0 0 0 0 0 0 0 0 0 0 0 0 0 0 0 0 0 0 0 0 0 0 0 0 0 0 0 0 0 0 0 0 0 0 0 0 0 0 0 0 0 0 0 0 0 0 0 0 0 0 0 0 0 0 0 0 0 0 0 0 0 0 0 0 0 0 0 0 0 0 0 0 0 0 0 0 0 0 0 0 0 0 
0 64 68 70 66 62 60 66 70 76 82 86 80 78 84 96 104 96 82 82 90 84 70 76 96 118 114 126 143 137 116 114 131 126 120 114 120 133 143 147 145 153 163 169 161 145 141 151 165 157 177 179 157 145 153 159 153 165 165 171 177 171 163 165 175 169 177 179 173 173 179 185 183 189 207 201 181 167 155 161 189 175 183 193 195 191 187 187 189 193 189 187 189 193 191 185 179 193 181 199 201 195 205 100 141 112 122 122 110 110 133 163 183 205 195 181 175 177 187 197 203 207 205 201 197 197 197 199 199 0 
0 70 72 74 72 66 64 66 68 72 72 74 78 84 90 92 90 74 84 92 90 86 90 98 104 106 133 141 120 104 118 131 131 100 116 131 135 131 135 149 165 171 159 145 143 149 155 153 149 179 181 165 139 135 155 167 165 155 155 163 175 177 165 157 155 165 165 163 159 169 183 187 183 175 179 167 161 173 173 165 175 173 177 181 183 183 181 187 189 181 179 181 183 189 191 189 185 185 173 183 175 191 215 135 114 149 124 102 114 159 201 207 189 183 181 175 177 185 193 199 201 201 199 197 195 193 195 195 197 0 
0 72 76 78 76 70 68 66 68 74 70 70 78 88 88 82 74 70 92 98 82 80 104 120 118 112 129 126 108 106 124 129 122 100 118 137 143 139 137 149 159 163 151 135 137 149 161 157 151 173 167 151 131 135 159 171 167 161 153 153 165 173 165 155 149 159 159 155 159 173 185 179 165 155 165 155 157 175 175 167 173 175 175 177 177 177 179 185 191 177 175 175 179 183 187 187 185 173 175 185 161 181 203 181 108 114 131 153 173 193 205 197 183 175 177 181 189 197 199 197 195 193 191 191 191 191 193 193 195 0 
0 72 74 76 76 74 70 70 68 82 76 76 84 86 82 76 74 94 96 86 76 82 108 126 129 137 106 96 118 137 126 108 104 124 124 129 139 149 151 141 131 133 141 151 153 151 151 157 161 133 141 145 145 149 161 161 155 173 161 151 155 159 157 159 165 159 165 171 175 179 179 163 143 145 171 179 173 175 163 163 185 181 181 183 181 181 183 185 187 179 179 177 177 179 179 179 179 169 181 201 169 171 171 207 139 110 163 209 211 185 167 169 179 191 193 197 201 205 203 197 189 187 187 189 189 191 193 195 195 0 
0 70 70 70 72 72 72 72 70 84 80 82 90 86 78 82 94 100 80 72 88 108 114 118 124 135 108 98 118 129 114 104 106 133 131 131 137 145 143 133 124 129 143 161 167 161 151 149 149 116 135 155 161 159 155 149 145 167 161 157 155 151 147 157 169 165 175 181 179 173 171 161 151 151 175 181 177 179 169 167 187 185 185 187 187 185 181 177 173 175 177 179 177 175 175 175 175 175 167 185 175 175 163 211 175 187 193 193 181 173 179 187 189 205 203 201 203 205 201 195 191 187 189 191 193 195 195 197 199 0 
0 76 72 68 68 70 72 72 72 74 72 80 92 90 82 92 112 82 68 74 112 133 124 110 112 110 129 129 100 88 104 120 124 118 129 139 135 124 122 133 145 153 151 153 159 163 157 141 126 137 153 163 163 153 147 147 153 149 153 159 163 155 143 145 153 167 175 175 165 159 167 173 173 165 167 157 161 185 187 175 177 181 181 181 181 181 175 165 157 161 167 173 175 173 171 171 173 175 141 151 163 185 187 195 189 189 189 179 175 183 197 203 197 201 197 193 193 195 197 195 193 189 191 193 195 197 199 197 197 0 
0 88 80 72 68 70 72 72 70 72 66 72 90 94 84 86 100 74 80 96 118 129 122 112 108 106 124 120 96 88 110 129 131 120 126 129 120 112 116 135 153 161 157 153 145 143 141 141 139 157 157 155 153 149 149 155 161 153 151 157 163 159 151 145 147 159 161 161 157 161 171 173 169 167 167 151 153 179 185 175 181 179 175 173 171 171 169 161 155 153 161 169 171 167 163 161 159 159 139 155 167 181 203 159 187 151 173 195 199 195 195 199 199 195 191 187 187 189 193 193 191 189 191 193 195 197 197 195 195 0 
0 100 90 76 70 70 72 72 70 78 64 68 90 96 82 72 76 82 108 118 108 104 114 116 108 122 94 84 108 129 124 122 126 139 124 108 102 112 126 135 139 149 159 159 139 114 116 145 177 153 145 141 145 151 157 161 165 173 159 151 155 159 155 153 155 145 149 155 163 173 177 163 143 163 175 169 159 165 163 169 193 181 175 167 167 167 169 165 161 153 161 171 171 163 151 145 143 141 155 189 181 171 201 129 189 171 183 193 193 195 203 205 203 197 195 189 189 189 191 187 185 187 189 193 195 195 195 193 191 0 
0 98 96 76 66 74 70 66 80 80 58 70 104 96 56 58 96 116 104 108 124 122 106 110 129 94 96 100 110 122 129 131 129 131 120 102 112 137 135 124 135 143 147 141 129 122 139 161 173 149 149 147 145 147 153 163 171 163 161 155 151 147 149 151 153 141 147 153 157 159 161 161 161 157 171 185 175 153 167 187 177 171 157 159 163 163 179 181 157 165 149 147 163 167 151 141 145 167 183 195 189 171 161 169 181 189 193 201 203 199 195 193 191 183 187 191 191 189 187 189 191 191 201 201 195 199 201 187 165 0 
0 92 96 78 70 76 72 64 76 66 76 90 90 70 60 80 110 114 114 104 98 118 135 116 78 90 100 114 122 122 120 122 122 116 126 124 122 126 114 114 139 139 131 124 131 153 167 157 137 149 149 149 147 145 145 145 147 159 151 139 135 137 143 147 149 159 151 141 139 147 153 157 157 163 161 173 175 163 171 177 161 171 157 157 155 151 165 173 153 155 149 151 155 145 137 155 185 185 185 183 179 173 179 191 201 193 193 193 191 187 185 187 189 185 187 191 191 189 189 189 191 193 193 195 197 201 191 167 145 0 
0 94 102 86 72 76 68 58 66 66 88 88 66 62 86 108 110 110 110 102 96 112 126 102 62 90 108 126 131 122 114 112 114 116 131 131 129 129 114 110 131 124 122 124 135 159 169 151 126 141 145 149 151 153 151 147 145 153 147 141 143 147 149 149 145 159 145 131 131 141 153 155 153 165 147 155 173 173 171 163 145 163 155 157 153 143 155 169 157 167 139 124 139 157 167 173 181 185 175 167 171 181 193 197 197 195 191 187 181 175 175 183 189 187 189 193 191 191 189 191 195 193 191 193 203 197 175 145 129 0 
0 102 112 94 74 72 64 54 62 80 82 70 60 84 122 122 94 104 98 106 118 106 82 80 98 100 112 124 129 122 114 112 110 129 131 120 124 141 133 116 118 114 131 141 137 131 137 145 147 145 145 145 149 149 147 143 139 139 145 151 155 153 147 141 137 135 133 133 139 149 155 155 153 161 135 143 169 169 161 157 145 151 151 159 155 139 149 165 155 159 137 129 151 177 185 175 165 175 173 177 189 201 201 191 179 189 187 183 177 173 175 185 189 189 191 193 191 189 189 193 197 195 193 199 203 187 157 135 131 0 
0 102 116 98 72 68 66 60 66 80 72 68 82 110 126 114 92 98 98 108 114 94 74 88 120 112 112 112 114 116 116 114 110 118 126 118 118 135 133 118 118 118 137 147 135 120 122 137 151 155 149 141 137 135 135 133 129 131 141 149 145 135 129 131 137 131 137 145 147 147 149 153 159 151 131 139 159 153 147 153 155 147 147 159 153 135 141 151 141 139 153 173 179 169 159 167 181 183 189 199 207 209 203 189 179 179 181 183 183 181 185 189 193 191 193 193 193 191 191 195 199 195 201 205 195 169 143 139 151 0 
0 94 112 100 74 74 74 70 76 66 74 92 110 112 104 100 108 98 108 100 82 84 106 116 106 118 112 106 106 108 112 112 110 98 124 129 116 112 110 114 135 129 133 133 129 133 139 135 126 149 139 131 129 135 143 147 147 145 147 143 131 122 124 141 155 143 149 151 145 135 135 149 161 145 133 145 149 137 137 153 157 145 145 155 147 129 133 143 131 161 167 173 173 169 167 173 183 191 193 195 195 189 185 183 183 175 179 185 189 189 189 193 195 193 195 195 193 191 191 197 201 195 207 205 179 149 139 147 155 0 
0 88 116 110 86 82 80 70 70 66 84 106 110 102 94 98 108 104 104 92 76 88 116 120 104 114 112 110 104 102 104 106 110 102 131 131 110 106 108 118 141 137 131 122 124 137 149 139 120 135 126 118 120 131 143 147 147 149 143 135 131 135 143 151 157 147 149 149 145 139 137 143 151 145 141 147 143 129 137 151 141 143 137 141 139 129 145 161 151 185 169 157 163 183 195 187 173 187 185 177 171 171 173 179 181 177 181 187 189 189 189 193 195 197 197 195 193 191 193 199 203 193 209 195 155 133 141 147 141 0 
0 92 124 122 96 88 80 62 54 82 94 98 92 96 106 106 96 110 90 84 96 100 92 104 124 110 114 118 110 98 94 98 106 129 137 120 104 116 129 129 133 137 135 124 118 124 139 143 141 135 126 112 108 110 112 108 102 131 126 122 133 149 155 147 137 131 137 145 151 155 151 143 135 145 147 151 141 129 141 147 124 139 131 133 133 135 163 189 185 163 169 177 179 183 189 189 189 183 177 169 171 175 181 183 181 185 185 187 185 185 187 191 195 197 197 195 193 191 193 199 205 193 207 187 139 126 145 145 122 0 
0 124 104 112 118 92 68 62 56 98 112 108 94 96 114 112 90 86 82 92 112 114 104 104 116 124 106 96 102 102 94 106 129 133 120 102 98 116 137 145 139 126 98 92 112 118 104 110 133 114 155 82 118 118 112 104 56 102 145 153 137 143 151 139 129 133 137 149 139 155 161 120 118 131 143 124 157 131 149 135 122 126 135 133 143 171 173 161 165 161 167 177 187 195 191 183 175 181 179 175 175 175 181 185 187 183 187 191 193 191 191 191 193 187 195 203 201 195 191 195 201 213 215 163 118 137 145 120 106 0 
0 137 114 114 114 86 70 76 82 94 100 98 94 102 110 100 78 84 90 104 112 110 102 104 112 110 106 96 92 100 112 116 114 116 106 100 112 126 129 116 106 80 94 106 98 74 60 72 92 92 129 72 120 126 118 112 72 104 129 129 116 129 139 137 135 116 122 129 112 129 147 131 149 122 126 76 110 133 139 114 149 100 141 169 179 181 167 159 173 185 183 185 187 189 185 181 173 183 181 179 179 179 183 187 191 191 189 187 185 187 191 199 205 187 191 201 203 201 201 201 203 199 177 153 151 149 108 68 62 0 
0 137 118 124 122 92 74 86 96 88 88 90 96 102 100 86 72 86 102 114 112 106 104 104 102 96 102 96 86 100 124 122 100 102 96 106 129 135 116 92 80 70 102 116 96 72 68 74 76 66 92 60 131 141 139 135 106 84 94 90 94 114 118 116 129 126 131 133 102 104 116 104 131 96 116 54 54 122 147 98 122 141 167 171 161 157 151 163 191 199 195 187 185 183 183 181 179 189 185 185 183 185 189 191 195 195 193 191 189 191 195 199 201 207 199 189 185 191 197 207 213 195 151 129 122 94 64 54 52 0 
0 116 112 131 141 106 80 82 84 86 82 88 96 94 84 80 82 94 110 116 106 104 110 104 88 90 96 98 96 104 116 114 100 104 104 120 137 131 102 88 94 106 108 102 94 94 96 78 58 42 54 48 133 145 151 149 131 86 88 82 90 102 88 80 100 114 120 124 90 82 80 52 66 44 96 74 12 48 131 133 133 173 165 137 129 153 169 177 195 195 189 183 183 185 187 189 187 187 187 187 185 187 189 193 193 195 195 197 199 201 199 193 189 201 193 187 189 197 201 197 189 157 126 104 68 30 50 78 60 0 
0 100 100 126 141 108 76 70 70 84 86 92 92 82 74 82 100 104 112 108 100 104 114 102 80 94 92 100 110 106 96 96 108 112 114 122 124 108 90 98 120 122 94 74 80 86 74 54 40 40 36 46 122 122 139 135 118 110 104 90 86 82 60 54 82 58 64 72 48 52 54 22 30 14 30 66 0 0 110 183 183 135 139 135 153 193 203 185 181 183 181 181 183 187 189 187 185 183 183 185 185 187 189 189 191 197 195 193 195 199 201 199 195 181 185 197 207 211 191 157 131 90 78 80 64 36 54 78 62 0 
0 98 90 110 122 94 70 72 74 84 92 92 84 72 76 94 110 110 108 102 98 102 106 98 86 102 94 102 116 106 84 92 114 114 116 112 98 86 88 106 124 94 80 74 82 78 66 66 78 64 48 60 116 96 126 120 98 88 80 58 52 58 54 60 90 36 38 42 18 28 38 12 24 46 0 30 42 70 145 169 131 133 161 175 187 201 191 175 179 183 183 181 185 187 185 181 177 183 181 183 185 185 187 187 189 199 191 181 181 193 203 209 213 217 203 185 167 149 129 100 80 72 40 46 72 66 54 76 106 0 
0 94 80 96 110 90 74 78 80 84 92 88 72 72 90 104 104 106 102 100 100 96 90 94 102 104 104 104 104 98 94 100 110 110 112 100 82 82 100 108 100 74 86 92 86 80 84 96 102 74 52 64 96 64 110 108 80 58 52 30 32 60 70 68 76 44 48 54 24 20 26 2 20 54 0 68 100 151 167 129 98 171 195 197 189 183 171 169 191 185 183 181 183 185 185 181 177 181 183 185 185 187 189 189 189 195 189 183 189 197 203 205 201 201 175 131 94 72 64 64 64 74 50 38 64 84 80 108 165 0 
0 84 72 90 112 98 84 84 80 84 90 80 64 74 104 110 92 100 100 104 104 90 74 90 118 102 112 106 90 92 110 114 102 106 110 94 76 92 116 106 74 80 102 100 76 72 90 86 64 58 32 48 66 32 92 94 62 68 64 46 50 84 88 56 36 32 48 64 34 22 16 0 12 10 44 165 126 133 126 124 179 173 189 189 185 193 185 179 191 185 181 179 179 183 187 187 187 183 183 185 189 189 191 189 189 187 189 195 205 213 205 187 171 102 90 74 60 56 56 60 62 52 72 62 66 108 131 147 181 0 
0 80 60 147 92 110 78 96 96 68 70 78 88 98 106 108 108 112 102 92 90 94 100 100 100 114 100 92 96 98 96 102 112 96 76 76 98 110 98 84 78 94 108 98 66 48 54 48 28 24 44 24 40 68 78 98 86 64 58 122 60 86 86 40 40 18 54 96 4 8 50 0 34 36 129 169 124 96 135 175 175 183 177 181 193 193 183 179 185 187 181 177 179 183 187 185 181 185 189 195 189 183 183 191 203 211 195 175 207 219 155 181 86 56 58 64 66 58 50 54 68 74 90 104 112 137 171 187 185 0 
0 90 98 120 131 84 126 82 84 72 74 80 88 98 104 108 110 104 98 90 88 92 98 104 106 96 90 92 104 106 100 98 104 80 82 92 106 110 94 78 70 74 52 48 64 68 44 20 14 40 24 40 68 70 92 108 62 62 42 84 46 96 84 32 56 34 20 84 20 14 12 30 72 169 149 108 88 122 179 193 173 171 167 173 183 185 179 177 183 183 179 177 177 183 185 183 181 191 177 167 175 193 203 195 185 185 197 205 175 149 137 129 50 64 58 54 54 54 58 76 94 106 116 120 131 155 187 195 185 0 
0 104 96 122 118 110 126 94 64 78 80 86 94 98 102 106 106 92 92 92 90 92 98 104 112 84 88 98 110 114 104 96 96 66 90 108 106 90 74 60 50 58 40 40 60 64 38 20 20 38 6 70 102 78 98 88 22 38 18 88 66 58 66 52 48 16 18 90 32 8 0 100 135 155 124 106 129 167 191 185 175 163 161 167 177 181 177 177 181 179 177 175 177 181 181 181 179 185 187 187 185 183 183 187 191 195 181 169 116 76 120 100 78 72 62 60 68 78 90 108 126 131 157 153 135 165 207 171 90 0 
0 108 84 108 116 124 106 92 66 82 90 98 102 104 98 94 92 82 90 96 98 94 94 100 106 90 96 102 108 108 104 100 100 64 96 112 88 60 48 42 36 50 66 64 40 26 30 34 32 14 22 96 112 82 76 38 0 16 60 88 44 64 76 26 20 0 58 64 24 38 60 151 143 82 108 153 191 195 177 167 171 167 167 171 177 179 181 181 181 173 173 175 177 179 179 179 177 181 191 197 197 187 181 183 185 165 129 76 82 70 112 108 120 84 82 90 110 126 131 135 143 143 143 149 169 193 171 88 4 0 
0 118 108 76 165 92 104 60 86 86 96 108 110 104 92 82 78 80 90 100 104 98 92 90 92 98 100 100 98 96 102 112 120 70 90 92 64 38 36 44 44 48 52 42 20 10 16 22 22 10 72 102 84 70 34 0 24 46 112 56 14 92 78 0 18 6 94 20 44 114 151 131 106 126 157 183 187 183 177 167 159 171 175 175 175 175 177 177 175 169 173 175 177 179 179 179 179 187 177 175 191 209 197 157 118 66 90 34 92 92 100 120 114 118 118 126 143 153 149 143 143 155 118 143 209 193 82 12 12 0 
0 147 129 108 153 102 64 70 92 90 100 110 110 100 88 78 74 86 92 98 100 98 92 86 84 100 102 96 84 82 94 114 122 74 74 66 48 40 44 54 58 52 14 4 30 38 14 4 18 32 114 76 44 46 4 14 66 98 70 72 82 18 18 28 30 0 116 50 110 149 141 78 124 157 187 197 175 157 167 173 165 171 175 173 167 165 169 169 163 167 171 179 179 179 179 179 181 183 185 189 187 169 131 84 50 14 114 76 88 80 80 141 120 151 145 143 149 147 141 141 147 157 179 195 171 98 26 2 14 0 
0 163 141 153 110 116 34 106 86 92 98 104 100 90 82 82 86 96 92 90 90 92 92 90 88 100 106 98 78 68 74 86 90 76 56 42 44 52 54 50 50 38 16 18 46 42 10 6 32 52 110 36 28 32 2 62 74 94 44 88 108 0 24 94 14 16 129 120 133 120 108 96 177 151 185 201 179 155 155 169 175 167 173 171 161 161 165 165 159 165 171 179 183 181 179 181 183 179 195 191 149 84 44 38 52 34 120 116 78 82 76 129 141 147 143 143 145 141 139 151 165 163 207 187 86 12 14 22 4 0 
0 153 169 139 116 76 64 110 90 94 98 96 90 80 80 88 98 104 94 82 80 84 92 94 94 106 112 106 80 60 56 54 52 80 46 28 44 62 54 36 26 12 44 64 46 10 0 18 46 54 84 0 34 34 12 100 54 44 108 48 14 34 126 80 0 72 135 139 90 90 133 165 191 197 191 179 171 167 167 169 169 167 173 171 161 159 167 167 159 165 173 181 183 181 179 181 183 189 175 137 82 34 26 54 88 50 76 118 88 118 86 88 129 120 126 137 147 149 151 163 183 185 141 86 40 12 2 14 32 0 
0 153 143 175 126 32 76 139 76 88 98 96 82 80 92 94 84 92 70 104 92 80 104 94 106 90 108 102 64 34 34 44 44 64 38 44 60 54 46 40 26 16 42 76 10 20 16 34 60 54 42 18 28 28 34 60 36 48 76 36 0 70 139 12 26 114 131 86 102 106 163 195 193 185 185 183 179 173 169 167 167 161 175 177 165 157 165 173 177 161 171 183 191 189 185 179 177 181 159 110 54 34 50 64 60 98 44 94 112 86 129 70 133 133 139 143 131 129 165 189 171 151 36 34 28 0 16 16 24 0 
0 145 163 159 110 76 96 108 84 100 98 90 82 84 94 100 98 114 80 98 84 76 102 96 106 76 90 94 80 64 58 54 52 38 46 66 62 30 12 20 26 38 78 86 6 0 8 26 78 46 34 10 20 18 18 38 8 30 96 18 14 104 100 44 82 102 96 70 147 175 193 187 181 181 181 179 175 171 169 169 171 171 177 173 159 153 161 171 173 171 177 181 181 177 173 169 169 173 165 129 72 42 48 64 68 68 48 88 110 112 86 72 106 120 118 137 161 177 191 167 114 62 0 16 26 4 20 22 26 0 
0 151 187 137 84 108 104 78 98 108 94 84 86 92 96 100 108 114 84 94 86 80 102 94 92 92 84 80 82 76 60 48 46 36 58 70 52 18 2 8 18 58 102 72 0 0 30 20 70 48 34 14 32 32 26 38 6 40 110 0 32 139 70 92 122 58 92 108 191 187 179 175 183 179 177 171 169 167 167 171 171 175 173 165 155 153 165 173 175 175 175 175 169 167 165 167 171 169 175 151 98 56 50 62 72 74 74 78 92 139 80 100 92 126 126 155 183 179 151 98 38 20 0 26 32 6 20 26 24 0 
0 171 193 126 76 106 96 68 104 98 82 76 92 102 94 92 100 88 78 94 98 90 94 90 78 108 74 52 56 60 46 44 52 64 68 52 30 28 26 14 8 56 90 40 4 22 74 16 36 44 32 20 46 50 42 52 22 68 90 8 46 129 66 124 108 60 135 155 187 159 173 183 177 179 173 167 161 163 165 167 169 169 165 157 155 159 169 173 175 167 167 167 167 167 169 177 181 173 181 167 122 76 56 56 60 94 94 64 58 118 116 124 96 129 139 167 167 114 60 30 10 24 14 32 26 6 20 34 28 0 
0 185 183 141 100 98 88 78 92 78 70 76 98 106 92 84 84 74 80 96 106 90 86 96 88 90 50 26 38 48 44 48 66 76 72 38 18 34 36 20 22 42 70 38 20 32 74 10 18 26 18 10 42 44 32 44 18 66 46 52 58 70 62 131 88 120 161 145 173 163 189 187 165 177 171 161 157 159 163 163 163 165 159 159 161 165 167 167 167 161 167 171 175 175 177 183 185 181 183 171 137 98 68 50 42 66 78 64 42 54 129 114 106 116 126 145 124 54 10 12 22 10 14 14 14 14 28 44 30 0 
0 187 179 157 122 98 90 88 80 66 70 82 96 98 88 80 80 86 96 94 102 78 70 104 98 74 46 32 42 46 36 34 46 60 68 40 24 38 24 14 48 34 54 68 48 24 32 6 26 22 14 10 38 30 12 28 10 38 26 86 68 22 58 124 100 137 149 133 185 167 159 163 177 171 165 155 155 159 163 161 159 163 161 161 167 165 159 157 161 171 175 181 183 183 179 179 181 185 183 175 151 116 80 50 34 24 52 76 68 20 100 104 120 122 118 120 94 38 12 14 10 6 22 10 24 34 30 38 20 0 
0 181 189 147 98 94 96 86 86 72 84 90 86 80 84 90 92 98 104 88 96 72 58 92 76 64 52 46 44 34 20 18 24 52 62 40 38 54 22 8 60 38 32 92 78 38 10 12 26 28 22 18 42 24 0 22 16 40 58 74 70 40 82 116 129 131 153 145 189 161 149 157 181 159 153 149 151 161 167 165 161 157 155 159 165 161 157 161 175 183 183 187 185 181 179 179 181 179 181 179 161 129 88 56 40 26 26 56 90 36 48 120 118 126 129 124 86 36 20 18 0 16 36 14 36 46 22 30 18 0 
0 181 203 126 54 80 94 78 102 84 98 98 76 66 82 102 106 96 104 84 98 76 50 72 40 44 42 38 30 18 14 22 34 60 58 32 44 78 38 6 54 42 10 94 98 68 22 24 10 26 22 20 42 20 0 24 24 68 104 42 64 86 116 118 143 161 183 145 169 167 197 189 157 151 145 143 151 163 169 167 163 145 145 151 159 159 157 173 195 183 185 185 181 179 179 183 187 171 179 183 171 135 92 62 50 54 4 8 82 60 6 137 100 110 129 135 88 28 20 32 20 8 30 2 26 38 10 32 36 0 
0 207 173 78 58 96 86 76 96 94 82 70 70 84 98 108 110 104 82 78 110 62 22 52 10 18 80 30 10 30 12 26 32 60 56 28 38 70 32 6 52 18 46 40 100 92 62 14 18 0 48 10 0 34 12 0 82 108 60 54 92 120 137 151 149 163 167 179 179 171 183 177 147 133 151 157 147 149 165 173 163 139 141 145 155 165 175 179 181 183 183 183 183 177 177 179 183 191 187 183 167 139 102 70 54 44 0 40 34 44 64 54 139 118 120 139 76 12 24 24 14 10 16 16 14 24 38 34 22 0 
0 199 122 60 66 76 80 92 82 98 90 82 84 90 96 94 90 108 96 84 106 60 6 22 4 38 62 14 8 22 12 26 22 26 60 52 34 48 48 32 38 48 22 14 44 106 58 50 78 38 0 14 26 0 16 88 104 90 62 98 159 147 104 124 183 167 165 179 183 173 175 171 147 153 137 131 151 175 177 159 141 141 143 149 159 167 175 181 183 185 187 187 185 183 183 185 189 191 191 189 179 151 112 74 52 38 10 18 10 52 56 28 143 118 145 131 50 22 24 6 28 10 18 18 16 24 36 38 30 0 
0 189 74 52 82 64 74 96 70 82 82 86 92 98 96 84 76 82 80 62 82 66 8 12 36 62 36 2 14 18 14 30 14 8 44 58 42 38 48 48 36 58 8 18 26 141 50 34 54 48 0 8 26 0 60 141 98 72 114 161 167 135 112 133 167 167 157 173 185 171 163 159 149 159 131 129 161 181 167 143 133 143 147 155 163 171 177 183 185 187 189 189 189 187 189 193 197 191 195 199 191 167 129 82 52 36 24 2 0 54 48 12 133 124 165 126 32 28 26 0 38 20 26 26 22 22 28 34 34 0 
0 173 64 62 94 76 74 78 72 80 82 88 94 94 86 70 58 58 56 32 46 64 20 14 72 72 14 4 32 20 22 38 16 20 16 38 52 40 32 42 46 52 20 34 24 131 54 2 2 12 18 0 2 68 118 106 76 110 155 167 137 120 131 139 141 161 149 165 183 167 151 151 149 147 149 155 163 151 135 133 145 147 153 161 169 173 179 183 187 185 187 191 191 189 191 197 201 195 201 203 195 175 141 94 56 42 32 12 0 36 48 26 92 135 163 131 42 26 28 2 32 32 34 34 28 20 22 28 34 0 
0 151 74 76 92 92 80 58 88 94 96 98 96 90 76 58 48 62 52 20 18 52 22 4 72 62 0 16 46 22 24 38 20 30 14 24 38 30 26 36 42 60 56 42 12 64 84 20 16 0 22 6 40 131 116 68 102 161 153 137 141 147 124 122 163 157 149 169 187 167 149 153 155 145 165 167 141 120 122 139 149 149 157 167 173 177 179 183 187 183 187 189 189 189 191 197 201 199 203 201 191 177 151 106 66 46 26 28 8 4 42 50 38 141 141 143 72 20 30 24 20 32 32 32 30 24 24 32 40 0 
0 145 76 82 84 88 90 60 98 90 92 96 96 90 82 70 62 52 44 22 6 34 24 4 70 50 0 24 44 20 28 30 18 22 32 28 14 18 32 38 36 68 84 64 30 26 122 46 16 10 2 44 116 124 80 94 159 147 167 157 147 157 137 129 169 159 159 181 189 167 153 159 157 155 161 145 118 114 137 147 139 149 159 171 177 177 177 181 185 183 185 187 189 187 191 195 199 201 203 199 187 181 163 118 74 48 22 32 16 0 28 56 10 131 129 151 90 20 32 34 16 24 22 24 30 32 30 38 48 0 
0 179 70 88 80 62 100 86 90 80 86 92 94 88 80 70 64 26 32 38 8 18 24 10 68 54 6 32 34 20 38 24 18 20 38 26 16 28 22 22 54 62 68 78 52 26 143 58 0 16 30 94 126 92 96 145 169 131 187 179 147 159 153 135 155 157 169 191 187 157 153 157 147 151 139 124 120 131 145 147 143 149 159 173 177 177 175 181 185 185 187 191 189 189 191 195 199 197 203 199 191 189 175 129 82 50 32 20 18 2 12 38 28 106 137 149 80 30 30 18 30 28 20 20 30 36 34 34 40 0 
0 225 68 98 88 38 106 114 74 92 98 100 94 80 60 40 30 20 34 62 20 6 14 2 54 68 22 40 28 24 48 24 20 28 28 16 38 54 2 0 86 54 32 60 34 16 141 80 2 2 96 129 78 78 149 173 139 171 173 151 161 185 135 104 159 153 171 193 179 147 145 149 131 131 118 120 137 143 135 141 157 147 159 173 179 177 175 177 183 189 191 193 191 191 191 195 199 195 203 201 197 197 183 135 82 56 46 8 14 28 6 20 60 88 151 143 60 42 30 0 44 38 24 22 32 38 30 24 26 0 
0 185 78 104 70 74 110 126 84 96 118 84 84 66 26 38 28 18 66 72 8 20 0 12 26 64 60 12 6 50 38 6 28 26 28 22 74 22 8 22 52 40 42 20 32 2 56 137 2 74 129 104 78 133 157 135 143 137 185 187 177 181 139 110 149 153 181 187 157 137 141 139 124 126 122 129 143 149 147 151 159 157 161 169 175 179 181 179 179 185 189 191 191 189 189 197 201 195 199 211 207 189 179 151 102 74 44 38 14 6 16 16 44 72 137 153 84 50 6 30 28 28 32 38 36 32 30 32 34 0 
0 131 68 86 88 86 98 108 86 96 92 92 74 40 14 58 10 18 50 48 0 38 28 20 8 28 50 36 38 68 44 8 28 26 10 32 40 34 24 28 22 32 52 48 20 0 32 86 54 122 100 90 118 143 141 137 151 173 187 165 163 177 139 112 149 173 183 175 149 131 133 131 124 131 129 131 143 147 145 147 155 155 159 165 171 177 179 181 181 181 185 189 189 187 187 191 197 187 191 207 209 197 187 157 106 74 50 48 22 10 18 16 44 56 131 155 94 46 14 26 24 24 26 30 32 32 34 36 38 0 
0 88 82 68 100 92 90 102 110 98 78 94 60 16 18 74 0 10 48 52 6 44 34 22 6 8 46 52 54 62 30 2 26 18 2 64 14 32 42 34 10 2 110 42 0 20 4 50 116 114 84 112 155 141 129 145 147 163 175 167 173 187 151 122 151 173 163 149 135 129 129 133 137 139 137 139 147 151 149 153 159 153 155 161 169 175 179 181 183 175 181 185 187 185 185 189 191 197 195 203 205 197 197 171 122 80 56 54 30 16 20 14 42 36 120 157 110 40 24 22 22 34 28 24 28 34 38 38 34 0 
0 98 137 76 96 84 88 100 112 94 94 76 48 14 54 62 0 0 66 86 24 30 12 20 24 30 58 60 46 36 12 4 30 8 14 90 16 12 60 38 18 16 104 16 16 20 4 108 100 58 112 161 157 133 139 147 133 139 173 181 177 177 163 155 175 165 143 129 131 133 131 135 149 137 137 141 147 151 153 155 159 151 153 159 163 171 177 181 185 175 179 183 185 187 187 187 187 207 197 195 189 187 195 179 137 90 56 46 22 16 24 14 34 30 106 163 120 38 34 26 30 50 38 28 28 38 42 34 26 0 
0 94 159 90 90 82 94 90 86 82 108 42 34 32 90 24 12 4 76 94 20 16 0 20 36 54 64 54 34 22 14 16 32 18 28 68 18 0 86 40 18 74 20 24 44 0 62 153 46 68 159 171 135 151 157 133 131 147 181 181 159 163 183 185 175 135 112 104 120 129 124 126 137 135 139 143 145 149 151 151 149 151 151 155 159 165 173 181 185 179 179 181 183 187 187 187 187 195 187 191 189 185 193 177 137 96 50 30 8 12 26 14 28 36 86 169 129 48 36 30 40 54 42 32 32 42 46 36 24 0 
0 32 98 88 94 110 116 92 74 68 88 20 28 58 94 0 18 24 76 76 0 14 12 28 30 36 38 36 24 14 16 20 18 34 30 30 18 6 100 44 6 74 8 40 0 46 135 66 74 145 177 145 133 185 165 116 135 151 175 183 177 187 199 165 106 66 56 62 84 100 102 106 114 131 141 149 153 157 161 159 151 153 153 153 155 161 171 177 183 181 179 177 179 183 187 189 189 181 187 203 205 195 193 171 126 86 40 22 2 8 26 12 24 48 62 175 129 70 30 32 42 46 38 32 36 46 48 38 28 0 
0 0 32 98 120 145 118 76 70 66 36 32 34 82 64 0 16 46 88 76 0 18 22 32 24 22 22 26 20 10 20 24 12 32 30 32 30 32 70 56 12 34 42 22 2 120 129 30 139 179 161 141 165 193 157 122 137 153 165 191 205 191 163 118 68 54 54 58 66 72 74 74 74 94 110 129 139 151 163 165 155 155 153 151 153 157 165 175 181 183 177 171 171 177 183 187 187 187 191 203 195 171 159 137 96 64 32 26 10 10 20 8 26 54 30 179 133 96 20 28 36 38 34 34 38 44 42 32 22 0 
0 26 24 129 151 167 96 40 50 72 0 54 46 100 34 16 14 58 110 100 12 18 16 30 28 36 32 36 28 14 26 40 26 16 34 64 50 52 28 64 36 28 24 0 98 118 62 131 153 153 137 169 203 177 147 139 133 173 169 191 197 145 96 94 106 112 112 104 86 68 56 42 32 36 62 88 108 129 151 155 147 157 153 151 151 157 163 173 179 181 173 165 165 171 179 185 185 193 189 185 157 118 104 92 58 44 26 34 20 10 14 6 30 54 12 181 133 114 14 24 26 40 38 38 40 40 34 22 12 0 
0 20 42 131 124 84 76 40 44 64 30 0 90 54 18 16 44 76 46 133 0 0 36 28 52 30 52 24 76 0 26 20 8 18 16 62 60 74 0 70 24 6 28 42 133 98 68 177 145 155 151 175 189 161 137 139 143 159 189 201 151 88 86 112 112 129 118 153 98 82 114 58 38 28 50 28 58 82 94 149 143 151 153 149 145 151 165 171 169 177 183 153 179 189 171 189 167 167 153 104 106 74 64 48 80 66 52 34 18 12 16 24 32 36 18 161 137 126 42 12 36 58 40 32 40 42 34 26 26 0 
0 6 72 120 96 46 66 84 32 24 34 60 64 24 20 26 84 42 28 108 38 8 34 22 44 10 28 20 86 36 18 2 4 8 0 44 68 82 26 50 14 2 28 122 124 82 149 187 126 151 171 197 183 141 133 153 159 211 163 124 96 78 90 114 118 120 64 100 157 124 92 92 68 56 56 34 34 44 66 112 126 137 141 141 141 149 163 173 171 157 187 171 181 173 155 165 137 96 78 64 76 52 72 60 86 80 70 54 36 22 14 10 8 36 24 151 139 118 52 16 30 46 36 32 38 38 28 22 22 0 
0 54 78 92 118 58 20 64 14 12 52 116 40 26 42 50 96 12 10 76 78 12 24 32 40 24 22 16 72 72 12 0 24 20 0 26 26 34 50 38 12 2 74 133 100 110 177 167 131 177 171 187 185 143 124 161 199 183 102 62 80 86 80 80 82 100 28 44 155 106 42 92 52 88 72 68 46 42 64 84 116 118 126 133 135 145 163 173 173 161 185 173 171 169 153 145 106 96 60 76 82 44 90 70 82 58 56 52 44 34 24 14 10 34 30 137 145 106 68 26 22 36 36 36 40 34 24 20 24 0 
0 108 58 50 86 42 10 42 14 40 78 108 22 58 56 76 60 12 6 56 70 14 14 64 34 20 18 16 54 102 28 14 18 20 24 28 0 0 60 18 0 44 133 72 96 177 141 139 173 187 183 185 169 145 157 179 179 100 52 46 74 68 42 36 40 56 24 20 76 38 6 56 26 82 70 106 86 76 90 74 110 108 120 129 131 143 159 171 175 189 177 161 165 171 155 124 90 92 40 64 56 2 54 32 32 28 30 34 36 34 28 22 18 38 36 124 153 102 80 40 20 32 40 46 44 34 24 24 30 0 
0 96 28 18 0 0 58 66 38 72 92 62 16 76 36 106 38 16 8 58 38 26 16 94 24 0 8 16 34 112 58 40 4 4 16 26 24 0 46 0 4 116 120 72 135 193 137 141 193 179 201 197 159 157 199 173 84 58 36 34 36 18 12 24 26 14 26 18 16 24 14 12 32 42 40 96 98 96 100 72 102 106 118 126 129 139 157 173 177 193 173 173 177 161 122 78 70 54 10 28 34 0 24 18 20 30 30 30 28 24 18 14 10 44 34 116 161 106 80 56 22 30 40 48 40 28 22 24 28 0 
0 68 0 10 16 46 82 48 62 82 86 44 40 76 22 135 60 16 8 62 22 40 26 92 22 12 20 10 2 70 70 88 46 26 8 0 36 14 6 0 74 141 58 145 169 141 175 155 165 203 177 179 201 193 157 92 28 40 26 24 18 10 20 24 4 10 28 24 42 76 32 0 24 18 24 66 88 96 94 84 104 104 116 126 126 135 155 173 181 175 177 203 173 114 62 26 44 32 20 24 60 14 22 30 36 32 30 28 24 22 18 16 16 50 24 112 163 116 66 66 24 30 40 42 30 18 16 20 20 0 
0 38 2 14 78 110 56 20 72 60 46 52 68 74 44 137 52 18 8 48 22 34 32 66 50 34 30 8 0 20 48 98 70 46 36 0 12 8 0 34 129 100 82 183 159 129 183 159 169 213 159 169 211 171 80 30 26 22 12 20 30 28 30 22 0 20 42 32 108 145 76 42 12 14 28 44 84 98 82 94 98 100 112 120 120 129 151 175 187 183 189 197 116 50 32 8 22 18 50 34 102 60 8 14 18 24 24 24 24 22 22 22 22 52 8 108 161 124 44 72 26 36 44 40 24 14 16 18 16 0 
0 0 46 20 50 76 30 46 82 26 0 50 76 72 74 108 6 26 10 28 24 14 32 42 88 8 10 12 24 8 20 58 28 26 68 16 4 12 12 72 114 54 175 171 139 175 165 155 213 175 195 203 155 86 60 48 18 22 6 16 28 18 14 22 22 16 56 36 155 189 135 147 26 12 34 32 86 100 70 90 80 94 106 114 114 124 149 177 193 211 201 169 48 0 38 22 12 28 90 64 155 116 20 22 20 28 28 26 24 20 16 10 8 52 0 106 157 131 28 72 28 46 50 42 24 16 20 22 16 0 
0 2 58 90 40 38 24 46 52 0 20 36 102 60 72 88 26 14 18 22 0 28 0 42 108 46 12 10 26 24 18 18 12 20 46 24 4 42 24 96 106 126 173 163 141 171 175 171 207 169 211 195 112 56 56 48 16 14 26 20 48 66 12 70 22 34 64 22 155 177 199 217 72 36 36 84 48 98 58 94 76 90 100 112 120 129 149 181 205 199 191 96 46 34 24 38 10 36 70 52 173 118 72 18 20 36 12 20 14 18 22 0 10 56 6 112 145 137 48 76 34 48 44 34 22 18 20 24 26 0 
0 68 72 34 12 22 48 40 40 18 22 54 104 72 80 98 10 28 22 18 20 38 4 24 88 48 20 14 20 16 20 24 12 8 26 12 24 14 96 100 60 161 165 141 137 171 181 179 203 209 183 129 80 68 76 64 38 22 12 14 72 90 44 66 34 44 34 38 205 203 167 203 173 72 58 80 52 82 58 88 84 92 98 110 120 135 159 187 207 211 153 60 48 48 42 68 54 64 70 76 147 135 84 28 8 24 8 24 18 16 18 4 20 58 4 106 149 139 48 72 42 52 42 30 22 22 26 28 28 0 
0 62 64 24 34 30 54 32 50 50 36 70 102 64 90 112 10 26 20 10 38 34 12 8 60 46 28 20 16 10 24 30 12 0 18 6 28 44 112 88 82 153 145 147 167 187 191 185 185 197 135 76 68 84 92 84 80 60 16 14 80 86 66 48 46 52 82 124 205 187 185 195 159 96 76 70 70 76 68 76 86 92 96 106 122 143 171 193 209 205 112 52 86 88 66 72 46 62 68 124 135 139 86 36 14 14 6 28 20 16 18 10 32 60 4 96 153 143 48 66 54 56 40 26 22 26 30 30 28 0 
0 60 48 30 40 56 44 36 60 66 52 72 108 36 102 116 36 12 22 10 38 12 20 8 38 32 26 26 16 10 30 36 10 6 18 10 34 114 56 90 171 131 141 169 187 185 191 193 177 120 92 76 86 94 92 100 114 98 46 32 76 64 88 64 80 80 141 195 183 173 221 185 98 100 86 66 94 80 84 68 84 94 94 102 122 151 179 201 211 195 92 62 106 102 86 84 48 74 102 181 151 116 72 22 24 22 10 28 22 20 26 16 36 60 6 84 155 149 56 60 64 58 38 20 20 26 28 26 22 0 
0 96 32 16 0 72 36 54 56 52 60 72 129 26 120 102 60 18 38 24 28 0 22 18 22 18 18 26 22 18 34 36 8 18 6 14 88 116 40 145 193 141 159 177 177 175 191 183 141 66 80 94 96 92 96 108 118 104 78 64 80 60 108 98 108 114 122 173 169 177 189 155 126 116 106 76 106 80 94 72 88 94 92 98 118 151 183 205 213 195 104 82 92 82 104 118 96 122 145 185 141 72 58 8 24 40 16 26 20 24 34 20 36 58 10 72 153 157 72 58 68 60 34 16 18 24 22 16 16 0 
0 46 2 26 0 84 24 68 72 32 52 76 135 52 129 86 76 52 50 38 22 0 18 28 12 14 10 24 30 22 30 28 8 22 0 32 141 56 108 205 137 147 169 183 187 199 185 126 64 74 90 96 88 92 108 112 104 104 106 94 94 70 88 94 74 102 100 135 122 131 118 131 151 141 137 98 102 72 96 84 96 92 90 94 114 145 179 203 217 193 137 129 110 92 116 112 98 129 126 108 76 36 48 26 34 50 22 24 16 22 36 24 38 54 14 64 149 163 94 60 62 56 30 14 18 22 14 14 20 0 
0 8 0 40 18 80 28 68 88 40 44 82 104 90 118 84 96 88 36 26 18 14 14 30 10 22 8 20 32 22 18 18 8 14 8 92 112 48 169 187 126 147 175 187 199 197 133 58 42 92 96 96 94 102 114 116 108 112 116 98 106 96 60 90 54 80 110 120 78 96 92 129 126 135 141 116 96 72 94 94 94 88 88 92 108 137 171 201 219 189 155 157 131 118 116 78 80 96 84 64 36 46 32 62 50 48 22 24 12 12 28 24 46 48 20 56 143 167 116 64 54 48 26 14 22 22 14 18 30 0 
0 74 38 18 4 58 50 64 72 64 40 84 62 114 104 92 114 106 12 4 14 36 10 30 12 32 10 16 30 18 8 10 10 6 42 155 42 96 179 129 173 167 189 183 177 147 58 28 100 88 92 104 114 114 110 116 126 116 108 86 116 129 64 124 88 92 106 100 88 133 104 137 124 106 129 122 94 80 96 96 82 86 88 92 106 131 165 199 219 193 151 141 114 116 110 74 106 80 84 88 50 80 10 80 58 40 20 26 8 4 18 22 56 44 24 52 141 169 129 66 48 42 22 16 24 24 16 22 42 0 
0 92 52 22 8 62 60 10 82 86 58 62 42 112 74 126 98 74 14 48 10 22 18 20 26 20 6 32 14 16 32 0 10 32 108 135 52 141 163 129 185 175 191 205 143 46 46 86 68 84 94 108 116 118 116 114 114 120 120 112 104 106 114 110 100 96 108 116 120 124 135 139 137 122 139 124 86 78 102 104 82 92 88 90 108 137 171 199 213 203 175 151 143 126 102 92 100 102 86 82 76 58 60 72 68 44 20 34 16 4 26 26 30 38 16 50 129 187 102 78 44 54 0 26 30 4 30 42 28 0 
0 68 24 14 10 22 48 40 30 80 106 98 68 80 78 100 58 90 16 36 6 14 20 28 18 22 22 36 10 20 32 0 8 74 122 62 96 163 165 169 167 175 213 145 44 40 64 66 74 90 98 110 118 120 122 122 122 135 129 124 124 126 126 122 118 122 131 135 133 135 139 139 135 133 139 124 94 90 106 106 90 90 88 90 104 135 167 195 211 201 173 155 151 139 120 112 120 106 90 88 84 66 68 78 70 56 26 36 22 12 32 30 32 52 22 54 135 177 118 72 42 60 6 30 30 4 26 32 20 0 
0 46 8 18 30 4 52 98 14 48 86 90 116 68 44 74 110 86 10 26 14 12 26 36 2 18 32 32 10 26 28 4 34 116 102 46 145 159 171 181 173 201 175 76 12 52 82 74 84 92 98 110 116 120 122 126 129 147 135 133 145 147 135 131 137 141 147 149 145 143 147 143 135 141 131 114 100 102 106 104 92 88 86 88 100 129 163 191 209 201 177 159 157 149 133 126 129 110 96 96 94 78 78 84 74 66 30 34 22 16 38 32 32 56 14 48 137 163 141 68 42 56 10 30 28 8 24 24 18 0 
0 26 14 18 44 14 54 126 46 40 64 68 106 82 66 100 137 68 12 28 34 14 28 40 0 12 24 18 14 32 18 22 86 122 58 118 167 137 177 173 199 193 70 28 64 70 76 92 82 88 94 102 108 114 120 129 131 145 131 135 155 157 137 131 145 141 147 147 145 149 153 151 143 141 120 102 102 106 102 94 88 88 86 86 96 122 155 189 207 207 185 163 157 149 133 122 118 112 98 100 100 86 86 90 76 72 28 30 20 16 36 28 28 40 0 36 137 151 159 74 38 44 6 24 24 14 28 24 22 0 
0 6 22 8 30 24 30 88 74 58 96 86 60 92 118 126 54 78 52 48 52 14 22 40 10 16 16 8 26 30 6 46 129 92 56 165 169 149 177 201 189 108 12 10 72 76 68 82 82 88 94 100 108 112 118 126 133 143 129 135 159 159 139 135 149 143 147 147 147 151 157 153 143 137 116 100 104 108 100 90 88 90 86 86 94 116 149 183 207 213 189 167 153 147 133 120 114 110 96 98 100 88 90 90 76 76 28 30 22 18 36 28 32 32 0 32 141 149 161 88 28 36 8 22 20 20 30 16 22 0 
0 10 26 10 18 26 10 36 70 46 86 96 76 78 58 68 22 104 110 70 60 12 14 34 32 24 20 12 32 20 10 76 126 70 104 151 169 189 179 229 126 16 40 26 36 84 82 66 94 90 96 102 110 114 120 129 133 139 135 143 157 157 145 145 155 155 157 153 151 155 159 153 139 135 122 110 112 114 106 98 92 92 88 86 92 112 145 183 207 215 193 167 151 147 141 131 120 112 94 96 98 88 90 92 74 78 30 34 28 22 36 32 44 36 8 34 141 153 143 114 22 34 14 24 18 22 28 6 18 0 
0 28 18 26 20 20 22 18 46 34 50 54 100 48 0 4 54 98 139 76 64 28 18 20 32 20 24 20 30 10 42 116 92 78 145 149 171 199 189 167 56 0 50 50 44 82 90 76 96 88 94 102 108 114 118 124 129 135 141 149 155 153 153 153 157 157 157 153 151 155 159 149 135 131 129 124 116 112 112 106 96 94 90 88 90 108 143 181 209 217 195 165 147 143 143 133 122 114 96 94 96 88 92 94 76 76 28 34 30 20 30 32 50 36 18 26 129 151 116 145 26 26 14 20 14 28 30 4 20 0 
0 34 0 34 22 8 38 22 20 58 62 6 70 16 28 12 40 70 135 70 70 48 26 6 20 10 26 26 22 2 74 149 62 96 153 183 171 175 205 68 16 24 10 56 94 70 74 94 76 82 88 98 104 110 114 116 120 129 143 151 149 149 155 159 155 151 153 147 145 151 157 149 135 124 133 129 116 110 112 108 96 94 92 88 90 108 141 181 209 221 197 163 141 137 137 129 116 116 96 94 94 88 92 96 78 66 22 30 26 14 22 28 52 28 16 14 112 145 96 167 32 16 6 14 12 30 34 8 28 0 
0 8 26 30 18 14 26 28 16 44 24 0 62 10 36 12 46 82 106 116 110 12 16 36 10 32 0 12 28 22 120 100 80 129 189 187 177 189 153 0 16 18 30 52 72 78 78 84 96 80 86 96 106 114 118 120 120 135 137 143 147 151 155 157 157 171 153 143 149 151 143 135 135 133 126 120 118 118 112 100 92 94 84 86 102 114 131 173 219 207 207 177 149 143 137 126 131 116 106 106 96 82 88 96 80 54 34 28 36 28 12 28 62 30 0 10 102 147 106 141 50 18 30 2 38 24 36 18 14 0 
0 10 26 30 22 20 30 28 16 42 36 24 44 14 6 14 64 74 86 106 137 52 8 0 14 12 2 6 20 84 104 82 90 171 179 185 179 179 24 32 20 22 32 52 72 78 76 84 94 88 92 98 104 110 116 118 118 126 129 135 143 149 155 157 159 165 151 141 147 149 141 135 133 126 118 114 110 112 108 100 94 90 82 88 104 114 126 163 203 211 209 175 145 141 135 124 129 118 108 108 98 82 88 94 76 50 30 24 30 24 12 28 62 22 0 8 100 161 118 147 84 14 24 0 34 28 30 8 26 0 
0 18 28 30 22 24 32 28 14 36 44 42 20 32 0 14 62 84 70 76 143 116 54 0 24 4 18 0 22 139 82 76 129 189 187 179 201 80 0 30 32 24 32 52 70 78 76 82 92 96 96 100 102 108 112 116 118 120 122 129 137 145 151 155 157 159 149 141 145 145 139 133 131 120 112 104 100 102 104 100 94 86 82 88 102 112 124 153 187 215 211 177 141 137 133 122 122 120 110 108 100 86 90 92 72 44 24 18 24 22 14 32 62 16 6 8 92 173 120 135 114 18 22 4 32 38 24 0 50 0 
0 30 32 26 16 18 24 22 12 28 50 36 14 48 20 14 50 112 80 40 90 139 131 26 20 12 26 0 56 135 64 96 173 187 189 205 143 0 36 14 34 22 28 46 66 74 76 82 92 98 98 98 100 104 112 118 122 118 122 129 135 143 147 153 153 155 149 143 143 145 139 133 131 120 110 100 96 96 98 96 94 86 82 86 96 108 122 153 181 219 215 177 139 135 131 120 116 118 108 108 102 90 92 92 70 38 22 16 22 22 20 38 64 18 12 6 74 171 114 112 122 32 20 14 32 46 18 0 72 0 
0 40 34 22 8 6 12 16 14 24 68 42 26 36 40 30 74 137 129 54 26 94 157 48 8 10 18 16 110 98 68 126 191 203 191 191 32 18 20 28 36 18 22 38 60 72 76 82 92 94 94 94 96 102 112 120 124 122 126 129 135 139 143 145 147 149 149 147 143 143 141 135 129 124 112 100 94 94 98 94 92 88 82 82 88 102 124 155 181 215 219 187 141 133 131 120 116 114 102 104 100 90 96 92 66 34 22 16 24 26 28 44 64 20 16 8 58 161 114 100 126 48 12 22 24 38 12 4 82 0 
0 38 32 22 8 2 4 14 20 32 82 66 38 22 46 62 108 147 179 118 14 32 129 44 10 0 8 54 139 70 90 151 183 209 197 68 10 26 0 26 56 20 24 36 56 70 76 82 90 90 90 90 96 100 110 118 122 126 126 129 133 135 137 139 139 141 145 147 141 139 139 133 126 122 112 100 94 94 96 92 90 86 82 80 84 98 122 153 177 207 223 195 149 133 129 120 118 112 100 102 100 90 94 86 58 30 20 18 24 30 34 44 58 20 12 10 46 151 129 112 133 62 0 28 14 20 12 20 86 0 
0 24 26 26 18 6 4 16 30 48 68 78 34 46 60 90 88 122 167 145 32 2 84 20 14 0 18 98 114 72 122 175 187 177 137 0 24 10 0 8 74 32 32 42 60 72 76 80 86 90 90 90 94 98 104 110 114 122 124 126 129 131 133 133 133 131 141 143 135 131 133 129 120 116 106 96 92 94 96 94 90 82 82 80 82 96 120 145 159 201 227 207 157 133 129 122 122 116 102 102 100 88 90 78 46 22 18 18 24 32 36 42 50 24 6 14 36 137 139 124 126 78 0 36 12 8 22 52 94 0 
0 12 20 28 26 14 8 20 36 62 42 70 22 88 82 106 34 80 112 120 36 0 54 0 4 14 40 129 72 84 143 193 203 143 28 16 0 28 12 12 72 42 40 46 64 74 76 78 84 90 90 92 94 98 102 104 106 116 118 122 124 129 129 131 131 124 135 139 131 126 129 124 116 108 100 94 90 96 96 94 90 78 80 82 84 96 116 135 145 193 227 213 161 135 126 122 126 120 106 104 100 86 84 70 38 18 14 16 24 32 34 38 42 30 4 16 30 124 141 126 114 90 0 44 16 6 38 80 106 0 
0 18 18 4 28 42 14 12 30 78 0 58 30 133 112 58 56 44 72 50 30 2 28 0 22 36 88 82 88 96 187 181 153 74 10 12 18 4 4 20 70 40 26 56 58 58 84 84 82 82 90 98 98 94 96 108 118 112 116 120 120 120 122 126 129 135 137 139 133 131 133 124 112 114 98 82 84 96 106 102 94 96 94 80 86 106 112 126 155 189 219 219 173 126 112 120 129 124 92 100 100 80 98 88 16 16 6 30 16 14 52 50 38 26 14 12 34 112 145 114 135 100 10 26 2 26 36 74 118 0 
0 20 40 34 32 26 6 14 38 48 64 96 56 114 108 84 36 66 68 22 6 24 22 2 62 102 110 80 88 92 153 149 139 56 2 10 16 6 8 28 86 42 26 54 58 60 86 82 84 84 90 96 98 96 98 106 114 112 114 118 120 122 122 126 129 129 133 133 129 129 129 122 108 122 100 76 70 82 96 104 102 98 94 80 78 96 106 126 163 189 221 219 169 122 114 120 120 118 92 94 98 84 86 66 14 16 8 28 14 16 50 44 36 22 12 6 20 98 147 126 135 106 20 26 10 14 48 88 120 0 
0 22 42 38 22 16 8 8 30 46 102 74 32 44 68 92 56 36 32 0 0 32 2 30 126 141 137 108 108 116 159 143 120 34 0 12 18 10 10 28 92 46 26 54 58 62 86 84 86 88 90 92 94 98 102 106 110 110 114 118 120 120 120 126 129 124 129 129 124 124 126 118 106 110 88 70 68 86 102 108 104 110 110 90 78 86 96 118 157 183 219 215 159 118 118 122 110 112 96 88 94 90 66 36 12 20 16 32 16 22 50 40 40 18 10 4 4 78 151 139 133 112 36 22 20 0 66 106 118 0 
0 34 26 24 20 32 26 4 20 52 68 22 10 14 62 66 76 2 2 20 14 16 0 82 165 143 163 155 143 147 165 122 62 16 0 18 20 16 8 18 84 52 26 52 60 64 86 82 88 90 88 88 92 98 104 106 104 108 112 116 118 118 120 124 126 120 126 126 122 124 126 118 108 106 88 74 82 102 108 90 68 92 102 92 80 86 92 114 149 171 207 203 145 110 120 122 102 110 98 86 94 90 48 12 14 24 24 36 20 34 54 36 44 18 14 10 0 66 153 147 122 116 52 16 26 0 82 122 118 0 
0 36 16 32 38 50 34 0 24 30 22 24 36 56 122 38 40 18 2 40 34 0 0 139 157 167 173 183 179 161 110 50 0 2 2 20 20 22 10 10 80 60 30 52 62 66 86 82 88 92 88 88 92 98 102 104 104 108 110 116 116 116 118 122 126 120 126 126 124 126 129 122 112 124 100 80 86 104 96 58 22 46 68 72 68 82 90 106 135 159 187 181 133 110 120 120 100 110 98 88 92 82 34 6 20 22 28 34 18 38 52 26 46 20 18 22 2 54 149 151 114 116 66 12 26 8 90 129 116 0 
0 12 6 46 42 46 36 0 24 14 10 44 46 76 147 26 8 30 4 10 24 0 34 171 135 185 161 181 183 149 42 4 10 0 8 20 14 26 16 12 88 70 34 52 64 68 84 78 86 88 90 90 92 94 98 102 104 106 110 114 116 114 116 120 124 120 126 126 124 129 131 126 114 122 96 74 74 88 88 64 38 42 64 64 58 68 76 84 102 155 171 163 129 112 118 116 104 110 96 94 90 62 24 14 22 16 26 28 12 42 48 16 46 26 18 30 8 46 137 149 112 114 78 10 20 40 92 129 120 0 
0 0 0 40 20 52 86 20 16 14 12 32 52 72 86 20 22 22 38 2 38 34 66 143 120 149 151 179 143 98 12 14 30 22 28 22 4 24 20 16 96 78 36 54 64 68 82 74 84 86 90 94 96 92 92 100 106 104 108 112 114 114 116 120 122 118 124 126 124 126 131 126 116 110 100 86 82 84 86 84 80 76 90 76 60 70 82 90 104 163 163 151 133 118 114 112 106 108 88 94 86 36 16 26 24 14 30 28 14 50 52 16 52 28 14 28 8 30 120 147 122 114 88 14 14 80 94 129 126 0 
0 14 6 28 0 76 163 74 18 8 2 14 88 96 20 8 48 30 104 42 84 86 72 90 104 96 157 191 90 36 0 24 8 48 48 28 0 20 18 14 98 84 40 54 66 70 80 72 82 84 92 98 96 90 90 98 108 104 108 112 114 114 114 118 122 116 122 124 122 126 131 126 114 120 122 120 106 90 80 82 88 96 104 82 64 84 112 129 151 171 161 149 137 126 112 108 108 108 82 96 82 18 10 36 22 20 36 34 20 60 60 22 62 30 8 24 4 18 108 147 131 116 94 18 12 108 92 126 131 0 
0 40 0 18 16 70 137 100 48 16 4 48 62 44 38 36 64 68 78 118 145 104 100 46 88 100 223 120 38 8 22 14 32 46 34 26 8 20 18 24 106 86 28 62 72 68 90 80 86 88 88 88 90 92 96 98 102 114 112 112 110 110 112 114 114 122 120 122 126 131 131 124 118 129 116 110 112 112 102 92 88 94 112 114 102 118 157 181 177 175 155 139 135 126 110 104 108 80 120 90 32 24 24 18 28 30 18 40 4 72 36 58 46 22 22 22 10 0 96 177 98 112 74 36 18 112 116 120 118 0 
0 70 16 48 10 60 122 84 44 20 20 46 44 56 74 62 76 84 137 153 169 86 58 108 94 169 193 64 18 22 36 18 26 36 30 28 12 24 20 22 98 88 34 62 72 70 88 80 86 84 84 86 90 94 98 102 104 108 108 108 110 110 114 116 118 122 120 122 126 131 131 124 120 131 120 116 118 116 106 100 102 120 143 145 129 139 179 195 181 173 155 135 129 120 108 100 102 90 108 74 28 26 24 16 28 32 22 44 12 74 38 56 46 28 30 32 20 2 80 167 114 116 80 44 32 114 118 120 116 0 
0 100 38 62 24 56 98 64 42 36 40 28 2 54 108 98 116 135 141 185 116 76 76 80 137 183 126 14 16 32 34 20 24 26 28 30 16 26 20 18 90 88 48 64 72 72 86 80 86 82 84 86 88 94 98 104 106 102 102 104 106 110 114 118 122 122 120 122 126 129 129 124 120 124 120 120 122 118 108 110 114 129 163 169 139 139 177 189 167 179 159 139 129 120 110 104 104 104 92 50 26 30 24 16 26 32 28 48 22 74 42 52 42 34 32 34 28 0 56 149 133 118 84 56 56 118 122 120 118 0 
0 104 62 30 76 62 72 48 38 28 42 26 10 84 135 118 147 155 163 161 60 82 60 66 189 106 48 8 30 30 18 16 24 20 28 32 16 22 18 16 84 86 62 64 70 76 80 80 86 84 86 86 90 92 98 102 104 100 100 102 104 108 112 116 118 120 120 122 124 126 126 124 122 116 114 118 120 116 108 112 124 143 195 203 161 147 181 199 183 181 161 137 122 118 110 104 100 112 68 26 22 32 24 16 26 30 32 48 30 70 42 44 36 36 28 22 24 0 38 131 143 114 84 64 78 118 124 122 120 0 
0 98 92 0 133 66 42 30 28 6 30 44 60 129 149 118 153 151 215 104 74 72 14 169 153 30 2 22 32 22 14 20 18 22 32 36 12 16 14 14 82 80 76 60 66 78 76 82 86 90 90 90 90 92 94 96 98 104 102 104 104 104 106 110 110 116 118 120 120 120 120 120 120 114 112 116 120 118 112 120 133 141 195 211 165 141 167 193 191 175 155 129 112 108 108 102 96 104 46 12 24 32 24 20 24 26 34 44 34 62 42 36 34 40 26 10 20 8 36 124 149 106 78 68 98 114 124 122 126 0 
0 98 116 16 155 54 18 16 24 30 38 54 62 106 131 124 169 191 149 74 62 42 96 197 38 16 2 38 16 20 26 24 10 22 38 42 14 16 12 12 76 72 86 56 62 78 72 82 88 92 92 90 90 92 92 94 96 106 104 102 102 102 102 104 104 112 114 116 118 114 114 116 120 118 114 118 122 124 122 129 139 143 189 203 171 147 165 187 191 179 159 131 110 108 116 112 100 84 28 8 28 28 22 26 22 24 36 40 38 56 42 32 34 46 32 8 18 16 40 120 151 102 74 72 114 106 122 122 129 0 
0 96 120 94 124 28 10 14 40 80 76 86 66 82 131 151 179 183 62 62 42 70 179 86 0 18 16 58 12 28 28 20 16 20 42 52 22 20 14 6 68 64 90 52 56 80 68 84 88 90 90 90 90 92 94 96 98 104 102 102 100 100 100 102 102 108 112 114 112 108 108 112 118 122 112 110 118 124 126 131 139 163 189 201 193 181 187 191 191 177 159 129 106 106 118 116 102 60 14 12 32 24 22 30 20 24 40 40 42 52 46 32 40 42 40 14 16 14 36 112 149 106 78 78 129 102 120 122 131 0 
0 92 110 161 84 4 12 22 62 102 116 143 116 118 171 177 163 96 84 42 74 143 129 0 40 8 22 80 26 34 16 8 28 16 44 58 30 26 16 4 60 58 94 48 54 78 64 84 88 86 86 88 90 92 96 100 102 102 100 100 100 100 100 102 104 106 108 112 110 106 106 110 116 120 108 104 114 122 124 129 133 141 151 161 167 171 167 157 147 161 143 112 88 92 106 104 90 44 8 16 36 20 22 34 18 26 44 40 46 50 48 36 46 36 44 20 12 6 26 100 141 112 84 84 137 100 118 120 131 0 
0 76 86 126 92 56 0 52 94 86 151 165 187 167 173 191 116 58 64 64 122 169 34 8 12 16 30 88 30 16 12 30 20 20 50 40 40 4 8 10 60 68 76 56 40 60 80 78 78 90 90 90 88 86 88 96 100 90 104 108 102 102 108 108 102 90 90 94 102 108 110 106 102 122 112 106 108 114 116 110 100 92 108 116 131 147 133 108 108 141 104 94 96 92 110 106 60 32 18 18 34 36 22 20 32 4 52 46 34 46 44 56 36 26 42 32 0 12 18 98 147 102 90 100 116 112 116 126 126 0 
0 92 56 116 100 68 58 106 102 96 147 181 181 213 213 120 60 84 38 100 173 56 22 18 22 18 18 68 26 18 14 24 14 24 48 36 48 14 10 10 66 58 72 56 40 58 74 76 80 90 92 90 88 86 88 94 100 94 104 108 102 102 108 104 94 74 72 72 76 86 94 98 98 94 88 82 80 82 82 76 70 64 80 84 88 94 76 60 70 76 70 74 86 106 124 96 38 30 18 18 32 34 22 20 32 22 54 40 36 46 44 58 44 18 38 40 2 16 14 88 139 108 96 106 120 116 118 131 129 0 
0 102 20 82 72 52 104 139 96 98 179 207 185 211 159 68 66 80 62 157 149 0 20 26 26 24 6 46 26 22 18 18 18 26 40 32 56 26 12 8 68 46 66 58 40 54 68 72 80 92 92 92 90 88 88 92 98 98 102 102 102 108 110 102 88 64 56 50 50 56 66 72 76 74 72 66 62 58 54 52 50 60 78 82 84 84 62 54 74 66 84 84 90 120 120 66 12 26 16 18 28 28 20 20 30 40 52 30 46 46 44 58 52 12 34 52 12 20 10 72 129 118 104 112 126 120 124 135 133 0 
0 94 26 56 32 36 114 122 96 94 183 209 209 189 74 62 80 66 139 171 40 26 28 26 24 28 4 38 36 24 20 16 30 28 32 24 60 32 12 4 68 38 64 60 44 52 64 70 82 90 92 92 90 88 88 92 94 100 98 98 106 114 116 106 92 80 72 60 54 54 56 60 62 76 76 76 72 66 66 68 72 66 80 88 100 104 80 66 82 100 114 100 100 120 88 32 18 24 18 18 26 24 18 20 30 48 44 20 60 46 46 54 48 12 30 62 18 16 6 58 126 124 108 116 129 122 124 135 135 0 
0 66 66 64 36 66 124 100 108 100 110 207 205 167 70 52 74 114 179 96 0 52 28 26 22 24 4 32 42 18 18 14 38 26 28 20 56 34 14 2 60 36 64 62 44 52 62 70 84 86 88 90 88 86 86 90 92 100 96 96 106 118 120 112 104 106 100 90 82 78 76 72 68 78 82 88 92 96 104 116 122 114 120 129 145 153 120 90 96 106 108 98 106 104 48 10 36 22 20 22 24 20 18 22 30 40 32 14 74 44 48 48 38 20 28 70 18 12 4 48 129 131 112 120 129 120 122 135 133 0 
0 30 92 72 76 110 129 94 108 102 68 231 147 96 78 60 129 177 129 6 34 20 18 32 24 20 4 26 40 6 20 10 34 26 32 20 50 30 18 