  x
  0
 37
 51
 52
 50
 47
 47
 49
 52
 55
 58
 60
 59
 60
 64
 70
 71
 67
 63
 64
 65
 62
 59
 63
 73
 83
 90
 96
 98
 94
 89
 90
 93
 90
 88
 90
 93
 99
104
109
113
118
120
119
115
110
110
113
118
124
129
126
115
110
114
118
119
120
122
126
129
128
123
122
124
126
128
128
127
129
134
137
137
140
144
140
132
125
121
125
131
133
135
140
142
140
139
139
140
140
139
138
140
142
142
139
137
138
138
141
144
147
135
105
 93
 94
 90
 86
 86
 96
114
130
139
144
141
135
132
135
141
147
150
152
151
149
147
146
147
147
111
  0
